5
x	y	r
0.25	0.25	0.01
0	0	0.0005
0	0.5	0.0005
0.5	0.5	0.0005
0.5	0	0.0005
5
x	y	r
0.225	0.225	0.01
0	0	0.0005
0	0.5	0.0005
0.5	0.5	0.0005
0.5	0	0.0005
5
x	y	r
0.2	0.2	0.01
0	0	0.0005
0	0.5	0.0005
0.5	0.5	0.0005
0.5	0	0.0005
5
x	y	r
0.17500000000000002	0.17500000000000002	0.01
0	0	0.0005
0	0.5	0.0005
0.5	0.5	0.0005
0.5	0	0.0005
5
x	y	r
0.15000000000000002	0.15000000000000002	0.01
0	0	0.0005
0	0.5	0.0005
0.5	0.5	0.0005
0.5	0	0.0005
5
x	y	r
0.12500000000000003	0.12500000000000003	0.01
0	0	0.0005
0	0.5	0.0005
0.5	0.5	0.0005
0.5	0	0.0005
5
x	y	r
0.10000000000000003	0.10000000000000003	0.01
0	0	0.0005
0	0.5	0.0005
0.5	0.5	0.0005
0.5	0	0.0005
5
x	y	r
0.07500000000000004	0.07500000000000004	0.01
0	0	0.0005
0	0.5	0.0005
0.5	0.5	0.0005
0.5	0	0.0005
5
x	y	r
0.05000000000000004	0.05000000000000004	0.01
0	0	0.0005
0	0.5	0.0005
0.5	0.5	0.0005
0.5	0	0.0005
5
x	y	r
0.025000000000000036	0.025000000000000036	0.01
0	0	0.0005
0	0.5	0.0005
0.5	0.5	0.0005
0.5	0	0.0005
5
x	y	r
0.020000000000000052	0.020000000000000052	0.01
0	0	0.0005
0	0.5	0.0005
0.5	0.5	0.0005
0.5	0	0.0005
5
x	y	r
0.045000000000000054	0.045000000000000054	0.01
0	0	0.0005
0	0.5	0.0005
0.5	0.5	0.0005
0.5	0	0.0005
5
x	y	r
0.07000000000000006	0.07000000000000006	0.01
0	0	0.0005
0	0.5	0.0005
0.5	0.5	0.0005
0.5	0	0.0005
5
x	y	r
0.09500000000000006	0.09500000000000006	0.01
0	0	0.0005
0	0.5	0.0005
0.5	0.5	0.0005
0.5	0	0.0005
5
x	y	r
0.12000000000000005	0.12000000000000005	0.01
0	0	0.0005
0	0.5	0.0005
0.5	0.5	0.0005
0.5	0	0.0005
5
x	y	r
0.14500000000000005	0.14500000000000005	0.01
0	0	0.0005
0	0.5	0.0005
0.5	0.5	0.0005
0.5	0	0.0005
5
x	y	r
0.17000000000000004	0.17000000000000004	0.01
0	0	0.0005
0	0.5	0.0005
0.5	0.5	0.0005
0.5	0	0.0005
5
x	y	r
0.19500000000000003	0.19500000000000003	0.01
0	0	0.0005
0	0.5	0.0005
0.5	0.5	0.0005
0.5	0	0.0005
5
x	y	r
0.22000000000000003	0.22000000000000003	0.01
0	0	0.0005
0	0.5	0.0005
0.5	0.5	0.0005
0.5	0	0.0005
5
x	y	r
0.24500000000000002	0.24500000000000002	0.01
0	0	0.0005
0	0.5	0.0005
0.5	0.5	0.0005
0.5	0	0.0005
5
x	y	r
0.27	0.27	0.01
0	0	0.0005
0	0.5	0.0005
0.5	0.5	0.0005
0.5	0	0.0005
5
x	y	r
0.29500000000000004	0.29500000000000004	0.01
0	0	0.0005
0	0.5	0.0005
0.5	0.5	0.0005
0.5	0	0.0005
5
x	y	r
0.32000000000000006	0.32000000000000006	0.01
0	0	0.0005
0	0.5	0.0005
0.5	0.5	0.0005
0.5	0	0.0005
5
x	y	r
0.3450000000000001	0.3450000000000001	0.01
0	0	0.0005
0	0.5	0.0005
0.5	0.5	0.0005
0.5	0	0.0005
5
x	y	r
0.3700000000000001	0.3700000000000001	0.01
0	0	0.0005
0	0.5	0.0005
0.5	0.5	0.0005
0.5	0	0.0005
5
x	y	r
0.39500000000000013	0.39500000000000013	0.01
0	0	0.0005
0	0.5	0.0005
0.5	0.5	0.0005
0.5	0	0.0005
5
x	y	r
0.42000000000000015	0.42000000000000015	0.01
0	0	0.0005
0	0.5	0.0005
0.5	0.5	0.0005
0.5	0	0.0005
5
x	y	r
0.4450000000000002	0.4450000000000002	0.01
0	0	0.0005
0	0.5	0.0005
0.5	0.5	0.0005
0.5	0	0.0005
5
x	y	r
0.4700000000000002	0.4700000000000002	0.01
0	0	0.0005
0	0.5	0.0005
0.5	0.5	0.0005
0.5	0	0.0005
5
x	y	r
0.48500000000000004	0.48500000000000004	0.01
0	0	0.0005
0	0.5	0.0005
0.5	0.5	0.0005
0.5	0	0.0005
5
x	y	r
0.46	0.46	0.01
0	0	0.0005
0	0.5	0.0005
0.5	0.5	0.0005
0.5	0	0.0005
5
x	y	r
0.435	0.435	0.01
0	0	0.0005
0	0.5	0.0005
0.5	0.5	0.0005
0.5	0	0.0005
5
x	y	r
0.41	0.41	0.01
0	0	0.0005
0	0.5	0.0005
0.5	0.5	0.0005
0.5	0	0.0005
5
x	y	r
0.38499999999999995	0.38499999999999995	0.01
0	0	0.0005
0	0.5	0.0005
0.5	0.5	0.0005
0.5	0	0.0005
5
x	y	r
0.35999999999999993	0.35999999999999993	0.01
0	0	0.0005
0	0.5	0.0005
0.5	0.5	0.0005
0.5	0	0.0005
5
x	y	r
0.3349999999999999	0.3349999999999999	0.01
0	0	0.0005
0	0.5	0.0005
0.5	0.5	0.0005
0.5	0	0.0005
5
x	y	r
0.3099999999999999	0.3099999999999999	0.01
0	0	0.0005
0	0.5	0.0005
0.5	0.5	0.0005
0.5	0	0.0005
5
x	y	r
0.28499999999999986	0.28499999999999986	0.01
0	0	0.0005
0	0.5	0.0005
0.5	0.5	0.0005
0.5	0	0.0005
5
x	y	r
0.25999999999999984	0.25999999999999984	0.01
0	0	0.0005
0	0.5	0.0005
0.5	0.5	0.0005
0.5	0	0.0005
5
x	y	r
0.23499999999999985	0.23499999999999985	0.01
0	0	0.0005
0	0.5	0.0005
0.5	0.5	0.0005
0.5	0	0.0005
5
x	y	r
0.20999999999999985	0.20999999999999985	0.01
0	0	0.0005
0	0.5	0.0005
0.5	0.5	0.0005
0.5	0	0.0005
5
x	y	r
0.18499999999999986	0.18499999999999986	0.01
0	0	0.0005
0	0.5	0.0005
0.5	0.5	0.0005
0.5	0	0.0005
5
x	y	r
0.15999999999999986	0.15999999999999986	0.01
0	0	0.0005
0	0.5	0.0005
0.5	0.5	0.0005
0.5	0	0.0005
5
x	y	r
0.13499999999999987	0.13499999999999987	0.01
0	0	0.0005
0	0.5	0.0005
0.5	0.5	0.0005
0.5	0	0.0005
5
x	y	r
0.10999999999999988	0.10999999999999988	0.01
0	0	0.0005
0	0.5	0.0005
0.5	0.5	0.0005
0.5	0	0.0005
5
x	y	r
0.08499999999999988	0.08499999999999988	0.01
0	0	0.0005
0	0.5	0.0005
0.5	0.5	0.0005
0.5	0	0.0005
5
x	y	r
0.05999999999999988	0.05999999999999988	0.01
0	0	0.0005
0	0.5	0.0005
0.5	0.5	0.0005
0.5	0	0.0005
5
x	y	r
0.03499999999999988	0.03499999999999988	0.01
0	0	0.0005
0	0.5	0.0005
0.5	0.5	0.0005
0.5	0	0.0005
5
x	y	r
0.009999999999999877	0.009999999999999877	0.01
0	0	0.0005
0	0.5	0.0005
0.5	0.5	0.0005
0.5	0	0.0005
5
x	y	r
0.03499999999999988	0.03499999999999988	0.01
0	0	0.0005
0	0.5	0.0005
0.5	0.5	0.0005
0.5	0	0.0005
5
x	y	r
0.05999999999999988	0.05999999999999988	0.01
0	0	0.0005
0	0.5	0.0005
0.5	0.5	0.0005
0.5	0	0.0005
5
x	y	r
0.08499999999999988	0.08499999999999988	0.01
0	0	0.0005
0	0.5	0.0005
0.5	0.5	0.0005
0.5	0	0.0005
5
x	y	r
0.10999999999999988	0.10999999999999988	0.01
0	0	0.0005
0	0.5	0.0005
0.5	0.5	0.0005
0.5	0	0.0005
5
x	y	r
0.13499999999999987	0.13499999999999987	0.01
0	0	0.0005
0	0.5	0.0005
0.5	0.5	0.0005
0.5	0	0.0005
5
x	y	r
0.15999999999999986	0.15999999999999986	0.01
0	0	0.0005
0	0.5	0.0005
0.5	0.5	0.0005
0.5	0	0.0005
5
x	y	r
0.18499999999999986	0.18499999999999986	0.01
0	0	0.0005
0	0.5	0.0005
0.5	0.5	0.0005
0.5	0	0.0005
5
x	y	r
0.20999999999999985	0.20999999999999985	0.01
0	0	0.0005
0	0.5	0.0005
0.5	0.5	0.0005
0.5	0	0.0005
5
x	y	r
0.23499999999999985	0.23499999999999985	0.01
0	0	0.0005
0	0.5	0.0005
0.5	0.5	0.0005
0.5	0	0.0005
5
x	y	r
0.25999999999999984	0.25999999999999984	0.01
0	0	0.0005
0	0.5	0.0005
0.5	0.5	0.0005
0.5	0	0.0005
5
x	y	r
0.28499999999999986	0.28499999999999986	0.01
0	0	0.0005
0	0.5	0.0005
0.5	0.5	0.0005
0.5	0	0.0005
5
x	y	r
0.3099999999999999	0.3099999999999999	0.01
0	0	0.0005
0	0.5	0.0005
0.5	0.5	0.0005
0.5	0	0.0005
5
x	y	r
0.3349999999999999	0.3349999999999999	0.01
0	0	0.0005
0	0.5	0.0005
0.5	0.5	0.0005
0.5	0	0.0005
5
x	y	r
0.35999999999999993	0.35999999999999993	0.01
0	0	0.0005
0	0.5	0.0005
0.5	0.5	0.0005
0.5	0	0.0005
5
x	y	r
0.38499999999999995	0.38499999999999995	0.01
0	0	0.0005
0	0.5	0.0005
0.5	0.5	0.0005
0.5	0	0.0005
5
x	y	r
0.41	0.41	0.01
0	0	0.0005
0	0.5	0.0005
0.5	0.5	0.0005
0.5	0	0.0005
5
x	y	r
0.435	0.435	0.01
0	0	0.0005
0	0.5	0.0005
0.5	0.5	0.0005
0.5	0	0.0005
5
x	y	r
0.46	0.46	0.01
0	0	0.0005
0	0.5	0.0005
0.5	0.5	0.0005
0.5	0	0.0005
5
x	y	r
0.48500000000000004	0.48500000000000004	0.01
0	0	0.0005
0	0.5	0.0005
0.5	0.5	0.0005
0.5	0	0.0005
5
x	y	r
0.4700000000000002	0.4700000000000002	0.01
0	0	0.0005
0	0.5	0.0005
0.5	0.5	0.0005
0.5	0	0.0005
5
x	y	r
0.4450000000000002	0.4450000000000002	0.01
0	0	0.0005
0	0.5	0.0005
0.5	0.5	0.0005
0.5	0	0.0005
5
x	y	r
0.42000000000000015	0.42000000000000015	0.01
0	0	0.0005
0	0.5	0.0005
0.5	0.5	0.0005
0.5	0	0.0005
5
x	y	r
0.39500000000000013	0.39500000000000013	0.01
0	0	0.0005
0	0.5	0.0005
0.5	0.5	0.0005
0.5	0	0.0005
5
x	y	r
0.3700000000000001	0.3700000000000001	0.01
0	0	0.0005
0	0.5	0.0005
0.5	0.5	0.0005
0.5	0	0.0005
5
x	y	r
0.3450000000000001	0.3450000000000001	0.01
0	0	0.0005
0	0.5	0.0005
0.5	0.5	0.0005
0.5	0	0.0005
5
x	y	r
0.32000000000000006	0.32000000000000006	0.01
0	0	0.0005
0	0.5	0.0005
0.5	0.5	0.0005
0.5	0	0.0005
5
x	y	r
0.29500000000000004	0.29500000000000004	0.01
0	0	0.0005
0	0.5	0.0005
0.5	0.5	0.0005
0.5	0	0.0005
5
x	y	r
0.27	0.27	0.01
0	0	0.0005
0	0.5	0.0005
0.5	0.5	0.0005
0.5	0	0.0005
5
x	y	r
0.24500000000000002	0.24500000000000002	0.01
0	0	0.0005
0	0.5	0.0005
0.5	0.5	0.0005
0.5	0	0.0005
5
x	y	r
0.22000000000000003	0.22000000000000003	0.01
0	0	0.0005
0	0.5	0.0005
0.5	0.5	0.0005
0.5	0	0.0005
5
x	y	r
0.19500000000000003	0.19500000000000003	0.01
0	0	0.0005
0	0.5	0.0005
0.5	0.5	0.0005
0.5	0	0.0005
5
x	y	r
0.17000000000000004	0.17000000000000004	0.01
0	0	0.0005
0	0.5	0.0005
0.5	0.5	0.0005
0.5	0	0.0005
