8.959601843220168e+24	-3.7650898190284834
8.96779338575696e+24	-0.10219268685033533
8.976137825644196e+24	-0.013579541658233057
8.984635184773525e+24	-0.006259083743747498
8.993285463434044e+24	-0.005286891680797947
9.002088661653684e+24	-0.004926043489225314
9.011044779444418e+24	-0.004926044776423554
9.020153816814776e+24	-0.00492604626195804
9.029415773772148e+24	-0.004926047945829029
9.038830650325008e+24	-0.004926049828036825
9.048398446481479e+24	-0.004926051908581763
9.058119162249682e+24	-0.0049260541874642065
9.067992797637533e+24	-0.004926056664684564
9.078019352652509e+24	-0.005257650802500078
9.088198827301078e+24	-0.005535596650898212
9.09853122158737e+24	-0.0061263044974468744
9.109016535509543e+24	-0.007502488200377959
9.119654769048645e+24	-0.01110838876768986
9.130445922129377e+24	-0.02214626292628992
9.141389994450074e+24	-0.06400271435179092
9.152486984515996e+24	-0.2786078823100637
9.163736882487046e+24	-1.6675723341863606
9.175140436546976e+24	438.15464137514016
9.187112514762548e+24	180.34700777774628
9.19961286398847e+24	-1.4283656854235682
9.212271544876315e+24	-0.23761239921256033
9.225088115723348e+24	-0.05812349393069131
9.238062585296992e+24	-0.024871303605786692
9.251194954301162e+24	-0.03056441677254953
9.264485218105523e+24	-0.15329702918236365
9.277933309596032e+24	-1.9013474518436284
9.292043702297106e+24	50899.646302885434
9.315416215066918e+24	-1.365130900319436
9.340674768411132e+24	-0.2242766920748265
9.366134582468226e+24	-0.03176347934142229
9.391795757945041e+24	-0.010543120522131725
9.417658302943645e+24	-0.006550599363857226
9.44372221845422e+24	-0.00550741828435081
9.469987504670922e+24	-0.004926190691180119
9.496454161647346e+24	-0.004926198523805354
9.52312218940853e+24	-0.004926206554794096
9.549991587985569e+24	-0.00533262504004538
9.577062357455347e+24	-0.0059910579693889625
9.604334498084749e+24	-0.008281811374522285
9.631808011077664e+24	-0.018804692634764107
9.659482904306707e+24	-0.093726067243383
9.687359273094468e+24	-1.1376664925868423
9.715344631618142e+24	5505.530231585834
9.72357274743588e+24	23.53341785243185
9.722088068298194e+24	-0.3927769363347847
9.72069590678566e+24	-0.04597969141570553
9.719396632679796e+24	-0.014556145444673327
9.718190208923621e+24	-0.014036022605046198
9.71707663106905e+24	-0.04148497719243733
9.716055893613755e+24	-0.33337255976290314
9.715127965920536e+24	8.607524484962507
9.715487933885243e+24	12759.133935356307
9.719735206437436e+24	-1.3562844023958496
9.724162556599474e+24	-0.167273221312046
9.72870046682346e+24	-0.7077451347192469
9.733349365688152e+24	423.4558212233362
9.738939239995826e+24	277.2711960951538
9.745489807414006e+24	-0.6367177581645018
9.744555673880308e+24	-0.7503256893944222
9.74014494566019e+24	-1.7062884416285635
9.735835796157983e+24	863.8360700064782
9.732109963760038e+24	247.4463418615839
9.728852098777851e+24	-2.0019684509897817
9.725691832176502e+24	-0.5912423070733783
9.722627694367704e+24	-0.18639381959082021
9.719659706782862e+24	-0.13241692052757342
9.716787867884486e+24	-0.27870199001426227
9.714012148247473e+24	-1.0376693500443877
9.71133249546673e+24	1.5248688045889205
9.70880500382114e+24	3577.617853733908
9.708318254555989e+24	52.71393759989566
9.708513272551513e+24	-1.68233777829505
9.708800588060394e+24	-0.4255786111441805
9.709179317659044e+24	-0.12335647002625837
9.709649517942207e+24	-0.0471100055676189
9.71021120164297e+24	-0.029506723354261417
9.710864373339697e+24	-0.16933730476840475
9.711607412125917e+24	1785.6704360048047
9.708649811883472e+24	199999.98758034426
9.700256876162025e+24	-0.366135560791193
9.691821570936293e+24	-0.04483212703813999
9.683499350774285e+24	-0.08076777671301232
9.675290251464242e+24	-0.24636792742301486
9.667194441903969e+24	-0.9673707071011403
9.659212307939556e+24	0.38390950206817975
9.651101940066134e+24	2783.8518466903474
9.632122287332945e+24	72.13387270526722
9.609209075637587e+24	-1.7642584836566755
9.586430668757524e+24	-0.4524830732549953
9.563794355626438e+24	-0.12944361915130642
9.541299782090208e+24	-0.047480015432664516
9.518946868885385e+24	-0.021982216594905197
9.496735596027485e+24	-0.012639894247907828
9.474665957406386e+24	-0.008758679984207719
9.452737950843812e+24	-0.006980001921325244
9.430951575465031e+24	-0.006098372193830756
9.409306830882845e+24	-0.005632510174351983
9.38780371691229e+24	-0.005372927838674072
9.366442233460205e+24	-0.005221687894766188
9.345222380479237e+24	-0.004950003022586701
9.324144157939659e+24	-0.004950504370911986
9.303207565820121e+24	-0.0049510060625363225
9.28241260410858e+24	-0.004951508097613841
9.261759272792806e+24	-0.004952010476298797
9.241247571860401e+24	-0.005267848735066278
9.220877501294119e+24	-0.005860104569407849
9.200649061066569e+24	-0.006537715565192103
9.180562251128372e+24	-0.007650249432551605
9.160617071382824e+24	-0.010681592120586107
9.140813521622292e+24	-0.01827282846047905
9.121151601357617e+24	-0.04080828048501049
9.101631309279128e+24	-0.12636087723808337
9.082252641171385e+24	-0.5872244760525233
9.063015580966026e+24	-1.4815170405278215
9.043926477771289e+24	9116.803902210013
9.025152806235937e+24	2.716972567454623
9.006547445305198e+24	745.8705752731644
8.991206431134962e+24	284.9234795990991
8.978590875683626e+24	10500.29220697945
8.966907105439389e+24	10.658607757887866
8.955645436421537e+24	-0.5090953144323779
8.944476991418626e+24	-0.09639589617396362
8.933402856128331e+24	-0.038296695827069974
8.922421484934731e+24	-0.03275914906324983
8.911532744454701e+24	-0.06838530515417873
8.900736635317893e+24	-0.2782767773880155
8.89003315525112e+24	-1.654074857159201
8.879422500999275e+24	414.2479149540334
8.869023633778667e+24	190.6472873041226
8.858846701340657e+24	-1.4431390025545452
8.84878907297661e+24	-0.2392476774724738
8.838850610351194e+24	-0.056971978742067816
8.82903131620626e+24	-0.020286860648010004
8.819331190988296e+24	-0.010391268316877873
8.809750234795473e+24	-0.007106138053387415
8.80028844765332e+24	-0.005837520780630182
8.790945829572225e+24	-0.005288202736971542
8.781722380554271e+24	-0.005028092395314038
8.772618100597474e+24	-0.00471384158647148
8.763632989700619e+24	-0.004714357243022492
8.75476704786214e+24	-0.0047148732560275625
8.746020275080334e+24	-0.004715389625646517
8.737392671353459e+24	-0.0047159063520393115
8.72888423667977e+24	-0.004716423435366023
8.720494971057511e+24	-0.004716940875786864
8.712224874484967e+24	-0.004717458673462173
8.704073946960465e+24	-0.004717976828552416
8.696042188482873e+24	-0.0047184953414518074
8.688129599052267e+24	-0.0047190142130342965
8.680336178667205e+24	-0.004719533443510969
8.672661927326184e+24	-0.00472005303304366
8.665106845027754e+24	-0.004720572981794336
8.657670931770483e+24	-0.004721093289925099
8.650354187552996e+24	-0.004721613957598171
8.643156612373954e+24	-0.004722134984975918
8.636078206232068e+24	-0.004722656372220819
8.629118969126088e+24	-0.004723178119495497
8.622278901054814e+24	-0.004723700226962698
8.61555800201709e+24	-0.004724222694785303
8.608956272011803e+24	-0.004724745523126321
8.602473711037886e+24	-0.004725268712148891
8.596110319094321e+24	-0.004725792262016285
8.589866096180125e+24	-0.004726316172891909
8.583741042294371e+24	-0.004726840444939289
8.577735157436173e+24	-0.004727365078322098
8.571848441604686e+24	-0.004727890073204124
8.566080894799111e+24	-0.004728415429749298
8.5604325170187e+24	-0.004728941148121677
8.554903308262746e+24	-0.004729467228485456
8.549493268530583e+24	-0.0047299936710049496
8.544202397821595e+24	-0.004730520475844614
8.539030696135214e+24	-0.004731047643169036
8.533978163470915e+24	-0.004731575173142931
8.529044799828252e+24	-0.004732103065931147
8.524230605206683e+24	-0.004732631321698672
8.519535579605785e+24	-0.00473315994061061
8.514959723025057e+24	-0.005303010145158521
8.510503035463604e+24	-0.008268274045412954
8.506165516919146e+24	-0.05387587479366184
8.501947167582292e+24	-1.436568366528861
8.497809674232252e+24	199999.9952641915
8.493618964708322e+24	-1.501066298620319
8.489525762143953e+24	-0.03377984050963724
8.485553408295837e+24	-0.00724046160358874
8.48170190307249e+24	-0.005178719983884908
8.477971246471127e+24	-0.004738466139092866
8.474361438481133e+24	-0.00526527024406412
8.470872479066827e+24	-0.006516769049100491
8.467504368060512e+24	-0.012929422727540434
8.464257104193664e+24	-0.0683066049752398
8.461130666117861e+24	-1.2236071457024764
8.458358051590417e+24	83413.43280597663
8.462644652805289e+24	2.2137158477420806
8.469310360839358e+24	-0.18168681859903263
8.476103682631905e+24	-0.0215268816506336
8.483024664886137e+24	-0.00782254574396641
8.490073311369444e+24	-0.00556561749070709
8.497249622457102e+24	-0.005023115101393631
8.504553598219598e+24	-0.004745418804093125
8.511985238677151e+24	-0.004745956196918678
8.519544543838389e+24	-0.004746493959087129
8.527231513710304e+24	-0.004747032090768835
8.535046148297719e+24	-0.004747570592134295
8.542988447604869e+24	-0.00474810946335414
8.551058411635967e+24	-0.004748648704599144
8.559256040395202e+24	-0.004749188316040208
8.567581333886747e+24	-0.0047497282978483865
8.576034292114713e+24	-0.0047502686501948565
8.584614915083107e+24	-0.004750809373250946
8.593323202795658e+24	-0.005119128135511811
8.602159155255296e+24	-0.005698291358603355
8.611122772462239e+24	-0.007659679506517626
8.620214054404837e+24	-0.016320004238559407
8.629433000997746e+24	-0.07413171603808626
8.63877961134868e+24	-0.8223660502434951
8.648254083207636e+24	997.5909413251652
8.65802370863846e+24	120.7421621150893
8.668009402342305e+24	-0.538344563278118
8.67806428426589e+24	-0.055571984396634806
8.688188318326632e+24	-0.013909052690641395
8.69838169560142e+24	-0.0075319499299247245
8.708644376951061e+24	-0.00881581507058038
8.718976625212369e+24	-0.022353068007284104
8.729378032080454e+24	-0.12710516354019788
8.7398485890049e+24	-1.6389407757326377
8.750395318429085e+24	29778.123759422586
8.761276613701715e+24	1.0510400737409025
8.772349735689608e+24	-0.27187094370736853
8.783550544042987e+24	-0.03570962800653392
8.794879041551981e+24	-0.011035412710581852
8.806335228568527e+24	-0.00654076312548216
8.81791910514103e+24	-0.005390794952253675
8.829630671282625e+24	-0.005022265088023139
8.841469926999849e+24	-0.004764448434229212
8.853436872297557e+24	-0.004764998856323351
8.865531507178552e+24	-0.004765549653805289
8.877753831643667e+24	-0.004766100826850262
8.890103845695653e+24	-0.004766652375633623
8.902581549333362e+24	-0.004767204300330891
8.915186942551352e+24	-0.005134402629983564
8.927920025334078e+24	-0.005449333240566238
8.940780797641958e+24	-0.006127307521744639
8.953769259372927e+24	-0.007733809425343919
8.966885410241484e+24	-0.0120388827199483
8.980129249330204e+24	-0.025626398020252905
8.993500773044485e+24	-0.07942132437290222
9.006999962670108e+24	-0.3717984333620985
9.020626693931955e+24	-1.9902333344283654
9.034414685638978e+24	2059.172064867296
9.053548752881139e+24	39.265320823573106
9.075179559845201e+24	-1.061457434783277
9.096958410084345e+24	-0.18162969468951168
9.118884536364644e+24	-0.04654437843920848
9.140957999046471e+24	-0.017736599790096542
9.16317880762759e+24	-0.009638911960663559
9.185546964173928e+24	-0.0068700501880097405
9.208062469262307e+24	-0.005776980589328604
9.230725323085389e+24	-0.005295564370455969
9.253535525717125e+24	-0.005064525706793939
9.276493077189407e+24	-0.00477888204688997
9.299597977518072e+24	-0.004779442314625011
9.32285022671492e+24	-0.004780002964425476
9.346249824792957e+24	-0.005152951760933049
9.369796771777774e+24	-0.005866151331252968
9.393491067714114e+24	-0.006900645242940245
9.417332712710297e+24	-0.00929082059995106
9.44132170703482e+24	-0.01550587144722676
9.465458051425656e+24	-0.03442741017214477
9.48974174822611e+24	-0.10621391928245583
9.514172806420505e+24	-0.47836026825162814
9.538751272574348e+24	-2.453828978592706
9.563482131608058e+24	2669.0051941217002
9.588661789631504e+24	5451.286778944889
9.598520534486846e+24	11.794135972297573
9.604350911866629e+24	-1.0303630991550645
9.610284329834819e+24	-0.193365095965393
9.61632114428702e+24	-0.05417587073678847
9.622461229134493e+24	-0.02219889369681598
9.628704563941216e+24	-0.013684999233045227
9.635051144039856e+24	-0.013513813528317408
9.641500967814191e+24	-0.022254765121520238
9.64805403367339e+24	-0.05961025546634554
9.654710335944867e+24	-0.24936560297606386
9.661469838196821e+24	-1.5002924452502362
9.66833421260038e+24	233.50800065820764
9.676864665300706e+24	338.067930927139
9.687335005493756e+24	-1.6070658869483703
9.69792012410822e+24	-0.28819961661787896
9.708616463104889e+24	-0.14388422115922012
9.719424062004632e+24	-0.44012354307206597
9.730342907616086e+24	-1.978449242926053
9.741383219416726e+24	4000.05422722648
9.753384986803242e+24	18.97112082242478
9.7657713067197e+24	-0.9244382462753276
9.772564695608212e+24	-1.3566090187288442
9.770316049672171e+24	199999.9936072044
9.76989771923642e+24	-1.1638147097146063
9.7700752249261e+24	-0.23630170916402662
9.770391444727637e+24	8.622103476358987
9.77254486045925e+24	199999.99386746087
9.7797347392125e+24	-0.9112616187276765
9.78728097711746e+24	-0.042129844462951364
9.794933033765048e+24	-0.013608962796117386
9.802690920844324e+24	-0.044188776540495446
9.810554689901585e+24	-0.9880593841175607
9.81724401355764e+24	199999.99519047077
9.795339078071572e+24	4.9195918972481545
9.763119570805734e+24	-0.13080684565880976
9.73120734394658e+24	-0.014898452564676146
9.699602292328483e+24	-0.006518876355595288
9.66830440755525e+24	-0.005248923208157853
9.637313688901279e+24	-0.0048172701445165726
9.606630136230263e+24	-0.004818564112951507
9.576253749481326e+24	-0.005580412789760569
9.546184528541292e+24	-0.008310185435981932
9.516422472720941e+24	-0.03211238515023203
9.486967570301349e+24	-0.5774980999667054
9.457913815058409e+24	32738.733099494602
9.438584507287094e+24	97.43859823593533
9.425272954840678e+24	-0.2615931485411118
9.412188454341444e+24	-0.6484907581865607
9.399330386182138e+24	273.0962123885983
9.386560505669787e+24	429.0171099764651
9.37385502643233e+24	-0.6957373764881941
9.361372716671943e+24	-0.06612695837193767
9.349113692075215e+24	-0.015377319623135322
9.33707795215446e+24	-0.007536697429461255
9.325265496885471e+24	-0.005728042616801488
9.313676326276082e+24	-0.005188332144172114
9.302310440340178e+24	-0.0048407297192180915
9.291167839098677e+24	-0.005525968602997135
9.280248522598287e+24	-0.007296731822665824
9.269552491027846e+24	-0.017292658053570716
9.259079745974238e+24	-0.11981543558672353
9.248830319154746e+24	-1.9941764103124995
9.238035472187649e+24	199999.99515137068
9.222058803063708e+24	-1.8749480145131614
9.205653074133578e+24	-0.09904784361223687
9.189463154976383e+24	-0.015683364247603696
9.173489016993339e+24	-0.007060149603776298
9.157730658763839e+24	-0.0054830166233110446
9.14218808014241e+24	-0.004856569160130674
9.126861281117796e+24	-0.004857896398521733
9.111750261702055e+24	-0.004859224762387916
9.096855021912165e+24	-0.0048605542529870545
9.082175561765248e+24	-0.004861884872107126
9.067711881280897e+24	-0.004863216620822507
9.053463980479641e+24	-0.004864549500152056
9.039431859382189e+24	-0.004865883511115797
9.025615518008942e+24	-0.0048672186547348995
9.012014956379924e+24	-0.004868554932031704
8.998630174513728e+24	-0.005889594510549541
8.985461172411602e+24	-0.011150142404762007
8.97250794984771e+24	-0.0903950450044191
8.959770499570289e+24	2.699387773228966
8.947744723889112e+24	199999.99512474664
8.937548525589664e+24	-1.0439162534045485
8.927724912543579e+24	-0.03512778506528202
8.918125143169052e+24	-0.008010681904241281
8.908749220299807e+24	-0.005485977696376351
8.899597144037268e+24	-0.00488198033693591
8.890668914389074e+24	-0.004883329163904176
8.881964531353486e+24	-0.004884679138012412
8.87348399492717e+24	-0.004886030260300451
8.865227305106601e+24	-0.004887382531809321
8.857194461887989e+24	-0.004888735953583507
8.849385465265928e+24	-0.004890090527277924
8.841800315235316e+24	-0.004891446254415394
8.834439011792477e+24	-0.004892803136043957
8.827301554933767e+24	-0.004894161173212858
8.820387944655594e+24	-0.00489552036697254
8.813698180954776e+24	-0.004896880718561866
8.80723226382951e+24	-0.0048982422298474125
8.800990193276533e+24	-0.004899604901979656
8.794971969291489e+24	-0.004900968736016128
8.789177591867853e+24	-0.005225251891803451
8.783607060978415e+24	-0.007432107914635971
8.778260376181502e+24	-0.06395133400747528
8.773137883604848e+24	551.1456107865013
8.77213698754356e+24	199999.99509219461
8.779169792254082e+24	-0.7476447566573554
8.787416063886462e+24	-0.015301342651134137
8.795835539037465e+24	-0.005762536214436733
8.804428222749239e+24	-0.005725118599320438
8.813194115222467e+24	-0.021107334094484176
8.822133229867669e+24	0.4529548103765032
8.829245050075674e+24	199999.99508257423
8.838308290711607e+24	-0.0879944532878847
8.847691987159892e+24	-0.007032049417199095
8.857247646212192e+24	-0.004921566402490526
8.86697526843371e+24	-0.004922948975557047
8.876874853837081e+24	-0.004924332729984171
8.88694640241875e+24	-0.004925717667682223
8.897189914171276e+24	-0.004927103789841545
8.907605389087298e+24	-0.004928491097548829
8.91819282716018e+24	-0.004929879591892033
8.928952228382718e+24	-0.004931269273960354
8.939883592746772e+24	-0.004932660144844252
8.950986920243753e+24	-0.0049340522056354336
8.96226221086831e+24	-0.004935445457426869
8.973709464613665e+24	-0.004936839901312783
8.985328681473352e+24	-0.004938235538388661
8.997119861438329e+24	-0.004939632369751253
9.009083004502514e+24	-0.004941030396498566
9.021218110658173e+24	-0.004942429619729873
9.03352517989821e+24	-0.005208421336060561
9.046004212215452e+24	-0.005292639294710088
9.058655207603034e+24	-0.005740451874440102
9.071478166052381e+24	-0.006095961828516018
9.084473087555676e+24	-0.006665161893761721
9.0976399721072e+24	-0.007621497792704331
9.110978819703494e+24	-0.00932632792536659
9.124489630344462e+24	-0.012598441852967202
9.138172404035276e+24	-0.019493055937186907
9.15202714079854e+24	-0.03586321493158371
9.166053840710852e+24	-0.08121953468875903
9.180252504053986e+24	-0.23445534609908872
9.194623132086529e+24	-0.8753380320363056
9.20916572929297e+24	-1.1019170081196166
9.223879139246585e+24	1550.4075376015571
9.23867110616973e+24	136.85365467754363
9.253584801186126e+24	-2.334484395336133
9.268671183980085e+24	-1.538455713484903
9.283930389227881e+24	-2.1442315456954426
9.299362315061648e+24	21.480037261307952
9.314959485857075e+24	1358.7089954595656
9.3306034582378e+24	369.678631956484
9.346340846587384e+24	2.735581562889664
9.362247116256056e+24	-1.7506192845423771
9.378324334278907e+24	-0.7587418618974382
9.394572516778029e+24	-0.33177857227841645
9.410991655615775e+24	-0.323854948496643
9.427581732770192e+24	44.90548555914598
9.443123447602285e+24	65539.41267817609
9.456210905735036e+24	-0.6973698500050627
9.469453256443885e+24	-0.0488260611485028
9.482919010768932e+24	-0.01985876148749096
9.496608164769821e+24	-0.02195795725718067
9.510520718268647e+24	-0.05728367246497244
9.524656671472008e+24	-0.3416998702952905
9.539016026853884e+24	-1.2167619141137285
9.553580056791704e+24	23445.558206263628
9.568187082393672e+24	-1.9067494601497637
9.583007888260886e+24	-0.2876455702918599
9.598057113979763e+24	-0.048601168080151094
9.613334757234435e+24	-0.015531836002221737
9.628840817817905e+24	-0.008194144839366903
9.644575295695475e+24	-0.006208515503984336
9.660538190851134e+24	-0.005526311483940382
9.676729503270804e+24	-0.00500665349287878
9.693149232944403e+24	-0.005008109114026658
9.709797379860663e+24	-0.005009565991934983
9.726673944008035e+24	-0.005011024127780713
9.74377892537498e+24	-0.00501248352274219
9.761112323949907e+24	-0.005013944177999125
9.778674139721134e+24	-0.005015406094732616
9.796464372677045e+24	-0.005016869274125129
9.814483022805768e+24	-0.005018333717360532
9.83273009009548e+24	-0.005019799425624057
9.851205574534304e+24	-0.005021266400102342
9.86990947611029e+24	-0.005022734641983403
9.888841794811442e+24	-0.005024204152456642
9.908002530625688e+24	-0.005025674932712863
9.927391683540906e+24	-0.005027146983944258
9.947009253544907e+24	-0.00502862030734442
9.966855240625445e+24	-0.0050300949041083304
9.986929644770208e+24	-0.005031570775432381
1.000723246596683e+25	-0.005033047922514356
1.002776370420219e+25	-0.005034526347602264
1.0048523359460094e+25	-0.005036006053187018
1.0069511431725513e+25	-0.005037487040482043
1.0090727920977972e+25	-0.005354539728567066
1.0112172827183172e+25	-0.005827723466520428
1.013384615025804e+25	-0.007357539893029087
1.0155747889904532e+25	-0.01367546746595327
1.017787804451072e+25	-0.05156450825967156
1.020023659884301e+25	-0.46977739044496336
1.0222823795269092e+25	56.224437110303356
1.024955676984778e+25	2185.312645951848
1.0283805956211578e+25	-0.9713686392443911
1.0318351505120816e+25	-0.08459598711426944
1.0353168339325145e+25	-0.017969115223276023
1.0388256493809043e+25	-0.008249741542856544
1.0423615971530672e+25	-0.006085743892972982
1.0459246772929314e+25	-0.0054551920292218725
1.0495148898084823e+25	-0.005059856480248558
1.0531322347004048e+25	-0.005061358140292041
1.0567767119681912e+25	-0.005062861104036347
1.0604483216125671e+25	-0.005589105829803176
1.0641470636414894e+25	-0.006494560137104723
1.0678729380917838e+25	-0.009823795719239548
1.0716259451493345e+25	-0.026480259830850703
1.0754060862081368e+25	-0.1630748348192731
1.0792133803613872e+25	-1.9656878423710926
1.0828902667983266e+25	53911.25019667708
1.0841799490664983e+25	-1.6586385473821945
1.0850911684179047e+25	-0.2181962812746914
1.08601883475181e+25	-0.03689343115113486
1.0869629218008454e+25	-0.025256743036507184
1.087923427513626e+25	-0.05473393705654589
1.0889003516174797e+25	-0.21580827363665916
1.0898936937447605e+25	-1.4286318110893201
1.0909034615993474e+25	74.66439963930723
1.0920885196618442e+25	5695.469411641923
1.093579734313676e+25	199996.99741273254
1.0951154523966805e+25	-2.590627388721338
1.0966644021250392e+25	-1.5507662086832636
1.0982220336830168e+25	13429.968278636381
1.0999080062003785e+25	7.625826879187568
1.1016453354058156e+25	-0.34262777515445564
1.10265414438341e+25	-0.4288246198048986
1.1032552074050379e+25	-3.475638378940696
1.1038663521114386e+25	200090.88237248262
1.1045476526469849e+25	1597.239104203426
1.1053169398532328e+25	-1.8335241962926916
1.1061037313615548e+25	-0.6634811749623346
1.1069072220486102e+25	-0.1944815958992632
1.1077274140831554e+25	-0.17933405723528506
1.1085643066029838e+25	-0.5615663806209855
1.1094178927206727e+25	-2.0057942785601215
1.1102889633841486e+25	726.4157130043742
1.1113361712361256e+25	198.65800301283295
1.1125236848415453e+25	-1.85791721772078
1.1137276212250495e+25	-0.459610681785686
1.1149476881242278e+25	-0.26358859987321365
1.1161838865515819e+25	-0.9325624148954196
1.1174362261185487e+25	16.120550097253478
1.1188577688708736e+25	4564.595646678171
1.1209367816972061e+25	-1.9564070321531113
1.1230463242992947e+25	-0.5501575142923655
1.1251739688082037e+25	-2.042248048387421
1.1268412301296468e+25	199999.94950247175
1.125612388871072e+25	-1.836963579824865
1.1240701606000876e+25	-0.3839493360929408
1.1225445770763052e+25	-1.3967142217933226
1.121035694799614e+25	33.85180271881804
1.1196701334218334e+25	3888.4036484705484
1.118853691887502e+25	-0.7382158564816871
1.1180679842859269e+25	40.68367330356213
1.1172903768720634e+25	200013.84356739157
1.1165682862207122e+25	5077.116025383098
1.1161321862640506e+25	-1.9427720689339063
1.1157175928311494e+25	-0.4766653141824091
1.115318556200016e+25	-0.16527084817140958
1.114935082891477e+25	-0.37294072109734544
1.1145671723476457e+25	-1.9529737891076095
1.1142151775889866e+25	1454.4575909466466
1.1139523505980634e+25	55.729506595544564
1.1137443277835932e+25	-1.1387216042640238
1.1135521486358686e+25	-0.19327104749177365
1.1124412002379967e+25	-0.995642310083055
1.1111686632471028e+25	259.78191196486273
1.1099793914244208e+25	272.87965193250125
1.1088791926047787e+25	-1.0190516111699683
1.107795100355126e+25	-0.1845831277161173
1.106727050419585e+25	-0.4936624478005904
1.1056750389547235e+25	4.487846695326095
1.104712882878489e+25	10733.570222772154
1.1041047350047328e+25	-1.917031563451639
1.1035203215789368e+25	-0.23856581781601133
1.102950711233485e+25	-0.07958753012587245
1.1023959082649273e+25	-0.1358442865205167
1.1018559133478055e+25	-0.5037457145588435
1.1013307277327301e+25	-2.0031863607619105
1.1008202726367667e+25	445.3163586260308
1.1003008556044895e+25	324.21901997178577
1.0997726569032293e+25	-2.595331590300102
1.099006522587599e+25	20903.321710680346
1.0961642132298153e+25	-2.082298381020878
1.0932027643865106e+25	-0.3169481951205536
1.0902638273405387e+25	-0.0619601460221597
1.0873473716125383e+25	-0.0214319549062337
1.08445339398106e+25	-0.011285224221262734
1.081581893963813e+25	-0.007908947206828713
1.0787328714564822e+25	-0.006557100495014119
1.0759063264313198e+25	-0.005942224207393749
1.0731022588807762e+25	-0.005500791268721607
1.07032066880353e+25	-0.005213061843736034
1.0675615562003358e+25	-0.005215098812307884
1.0648249210724014e+25	-0.0059504631255288334
1.0621107634201997e+25	-0.007303642119217342
1.0594190832427688e+25	-0.013609713107705836
1.056749880553702e+25	-0.07143848511706329
1.0541031561451237e+25	-1.7439361241929168
1.0514454724031909e+25	199999.8623943754
1.0485074324273192e+25	-3.1680048220676884
1.0455257414637697e+25	608.9124001714883
1.0430789414553866e+25	117.94011313701824
1.0410684382987813e+25	-0.8479082935035553
1.0390723099234473e+25	-0.1065230309901109
1.037090381961777e+25	-0.02532562997792696
1.035122658179266e+25	-0.010852462333080487
1.0331691390200811e+25	-0.007203337666307503
1.0312298245669044e+25	-0.0060466148196758615
1.0293047148405863e+25	-0.005615512867324763
1.0273938098475523e+25	-0.0052500516881589365
1.0254971095900508e+25	-0.005542331327727022
1.0236146140689355e+25	-0.005708278570801081
1.0217463232849106e+25	-0.005992879751583226
1.019892237238277e+25	-0.006505060452339314
1.0180523559289225e+25	-0.007479963082418688
1.0162266793556729e+25	-0.009463796050770183
1.0144152075167295e+25	-0.013843220263328767
1.0126179404084809e+25	-0.024546851490903705
1.0108348780210562e+25	-0.05435191147877418
1.0090660203235228e+25	-0.15270256758328926
1.007311367197601e+25	-0.5513743494075485
1.0055709181665047e+25	-1.9705871828904529
1.0038446911648979e+25	190.521285761908
1.0021386447459604e+25	1122.6764434697125
1.0004563632384332e+25	-1.4789356888171403
9.987868789126704e+24	-0.7943985943167027
9.971300588042747e+24	-0.20817125785357765
9.954859034288603e+24	-0.07027380721303284
9.938544129496455e+24	-0.03082453394275793
9.922355874052218e+24	-0.017566239174655836
9.906294268203331e+24	-0.012799123556714621
9.890359420958481e+24	-0.011537775268713503
9.874553005553838e+24	-0.01440952452285969
9.858873733964901e+24	-0.020974315202298244
9.843321113232786e+24	-0.03499987698302664
9.827895142023479e+24	-0.0697346984234135
9.812595820166477e+24	-0.17425866387649844
9.797423146811277e+24	-0.5725329886252071
9.782377117908405e+24	-2.013035987701468
9.76745786843224e+24	152.94363650255028
9.752721789992533e+24	1394.336849102349
9.738236569570088e+24	-1.7684738790438577
9.723895119722063e+24	-2.017124550326953
9.709695731884926e+24	-2.216012219346717
9.695638332150926e+24	10.279763920040896
9.68171987228229e+24	425.8680802204063
9.667877617250467e+24	1139.417866503276
9.654066797116036e+24	40.89442074907067
9.640387648117458e+24	-1.524437339507462
9.62685154634794e+24	-1.5097272515119158
9.613458824970061e+24	-0.7244023033547783
9.600209478453522e+24	-0.3486164603998204
9.587103498369091e+24	-0.1790760278961172
9.574140880974892e+24	-0.09861341725519812
9.561321624668487e+24	-0.05833224926672892
9.548645728726073e+24	-0.03690236576314927
9.536113192796734e+24	-0.02491697440283951
9.523724016700168e+24	-0.01791600398126749
9.511478200336513e+24	-0.013669218245242826
9.499375743646188e+24	-0.011006864030798277
9.487416646590725e+24	-0.009288882013524024
9.475600909143132e+24	-0.008151673418305262
9.463928531283289e+24	-0.00738169990867683
9.452399512996288e+24	-0.006849775202853806
9.441013854267751e+24	-0.0064756381503656615
9.42977155508389e+24	-0.006208215426226342
9.418672615430984e+24	-0.006014295210464539
9.407717035285495e+24	-0.006970276181902156
9.396904814452569e+24	-0.025728975775187197
9.386235935008606e+24	-0.9740599288328746
9.378534446475257e+24	199999.9939120308
9.36921074433941e+24	-0.4858894867389352
9.358899363190131e+24	-0.05231869267173295
9.348731909294879e+24	6.730495228998467
9.341817585249919e+24	199999.99461044994
9.34442874376397e+24	-1.3803315922768835
9.348928014923925e+24	-0.02313915870042605
9.353626395902087e+24	-0.0067544803451731195
9.358523898496295e+24	-0.005398449155818711
9.363620522937914e+24	-0.005400679798538945
9.368916269264262e+24	-0.005402912795757331
9.374411137497753e+24	-0.005405148151216871
9.38010512765363e+24	-0.005407385868227216
9.385998239750308e+24	-0.005409625949644076
9.392090473807514e+24	-0.005411868398327281
9.398381829844992e+24	-0.005414113217140839
9.40487230788271e+24	-0.005416360409072423
9.411561907942175e+24	-0.005418609978026911
9.418450630043659e+24	-0.0054208619271220015
9.425538474207032e+24	-0.005423116259242229
9.432825440452196e+24	-0.005425372977276329
9.440311528799083e+24	-0.005427632084117243
9.447996739267661e+24	-0.005429893582662096
9.455881071877212e+24	-0.005432157476159508
9.463964526645589e+24	-0.005434423768506343
9.472247103592694e+24	-0.005436692462677044
9.480728802738615e+24	-0.005438963561589565
9.489409624103472e+24	-0.005441237068166108
9.498289567707754e+24	-0.005443512985557203
9.507368633573364e+24	-0.005445791317742278
9.516646821720746e+24	-0.005448072067792975
9.526124132170147e+24	-0.005450355238652494
9.535800564941831e+24	-0.005452640833268347
9.545676120056101e+24	-0.005454928854592344
9.555750797533292e+24	-0.005457219305580595
9.566024597393521e+24	-0.005459512189315206
9.576497519654941e+24	-0.005461807509812001
9.587169564336253e+24	-0.005464105270285613
9.598040731453313e+24	-0.005466405473713437
9.609111021014592e+24	-0.006000874853659423
9.62038043298739e+24	-0.0076739909610162495
9.631848967037817e+24	-0.019677397932236457
9.643516618561363e+24	-0.21588006058773535
9.655383713454238e+24	126.66514106402934
9.672888467535392e+24	24130.02190971981
9.700368539079227e+24	-0.5489209453818643
9.728265240962186e+24	-0.03170566913028916
9.756441297808903e+24	-0.008921625271269273
9.784896722492957e+24	-0.006243073234184399
9.813631515719458e+24	-0.00549186990530991
9.84264567757341e+24	-0.005494199683485643
9.871939208080297e+24	-0.005867561567769164
9.9015121073188e+24	-0.0068981032176744
9.931364375777397e+24	-0.013210207297427145
9.96149601854292e+24	-0.08926749599937044
9.991907175972872e+24	-1.9154895740324502
1.0016713839204789e+25	199999.99449176932
1.0010784289926293e+25	-1.6159388839855637
1.000113942002602e+25	-0.062127412573216176
9.991573631202786e+24	-0.014323094412207516
9.982086823530812e+24	-0.027937270513456278
9.972678989432508e+24	-0.39862891367966874
9.963355432863055e+24	3994.8845650023572
9.957707231829909e+24	662.4684503309232
9.955426455026798e+24	-0.3729723844376145
9.95325942213979e+24	-1.9504289544248552
9.95152977536321e+24	199999.99215712448
9.951644671709876e+24	-1.6327664924627632
9.942261726715467e+24	-1.7026540872249165
9.925599625181965e+24	27268.045976969825
9.910311152145193e+24	0.9432796503395285
9.89544257592962e+24	-0.33166676516905846
9.880668247899522e+24	-0.4684249242470787
9.865988212213488e+24	29.948358132549114
9.852914807003167e+24	3864.2893749766813
9.843327980190422e+24	-1.1352756352470137
9.833839063539286e+24	-0.0990966283578315
9.824427457787465e+24	-0.02150547677270485
9.815093181853755e+24	-0.012340132362825811
9.805836238381861e+24	-0.018957794426990287
9.796656634140104e+24	-0.077322877162357
9.787554438623826e+24	-0.8022281013269014
9.778518169684486e+24	636.4666877995146
9.754142667617343e+24	168.01981797582175
9.716208465628276e+24	-0.6132742642975969
9.67845015882689e+24	-0.06399163594200627
9.640872769685599e+24	-0.016092926369129814
9.603476239217683e+24	-0.008342584931998975
9.5662605616366e+24	-0.0065037766015827786
9.529225735944046e+24	-0.005944804345141087
9.492371761888412e+24	-0.005577006851243141
9.455698639383291e+24	-0.005578839898498821
9.419206368382304e+24	-0.005580674580921777
9.38289494884575e+24	-0.00605978447089308
9.346764380715137e+24	-0.0068387930688539374
9.310814663842732e+24	-0.009556884616060232
9.27504579763663e+24	-0.022120151208775602
9.239457778330248e+24	-0.11242748726289539
9.204050561032553e+24	-1.3387722005360576
9.168888568797672e+24	9116.899927705046
9.141709078398839e+24	11.720377741602903
9.117807290457432e+24	-0.37171812550712424
9.094044878215089e+24	-0.04613584241687416
9.070421828841267e+24	-0.013576797129021916
9.046938156025474e+24	-0.007821117946286758
9.023593861290111e+24	-0.006377492563638447
9.000388944911291e+24	-0.005921800685966281
8.977323406952461e+24	-0.005608392190047801
8.954397247427158e+24	-0.005947089531821769
8.931610466333333e+24	-0.006339200431149576
8.908963063659494e+24	-0.0073717798464332995
8.88645503938066e+24	-0.010565326466538742
8.864086393412886e+24	-0.0229085876677793
8.841857125368232e+24	-0.0892579063415544
8.819767232305316e+24	-0.6713204714355198
8.797816738696684e+24	39.00733658335345
8.776311776584087e+24	1917.722230191802
8.755604320835925e+24	-1.4476059676355812
8.73503165589987e+24	-0.16331137993859265
8.714590643427294e+24	-0.03375949013161114
8.694281290497814e+24	-0.01296195427370098
8.674103597892925e+24	-0.00807650651145103
8.654057565762357e+24	-0.00660106515425201
8.634143194155951e+24	-0.00606996340595693
8.614360483101604e+24	-0.005640258482863517
8.594709432620737e+24	-0.005642148149735668
8.57519004273281e+24	-0.005644039515212354
8.555802313456615e+24	-0.006141540863588294
8.536546244810949e+24	-0.007640524673007
8.517421836816551e+24	-0.017872717143109153
8.498429089543006e+24	-0.16944592485529153
8.479568003109638e+24	26.72541085288726
8.46073352318354e+24	98423.86830741075
8.44177654112894e+24	-0.7509047347798614
8.422945088457319e+24	-0.0383677589599097
8.40424670172417e+24	-0.009725783627560877
8.385681380655351e+24	-0.006529157262860468
8.367249125247708e+24	-0.005664957177094938
8.348949935506161e+24	-0.0056668690780433415
8.330783811436775e+24	-0.005668782703396222
8.312750753046353e+24	-0.005670698054922491
8.29485076034134e+24	-0.00567261513439327
8.277083833327855e+24	-0.0056745339435819355
8.259449972012041e+24	-0.00567645448426409
8.241949176399995e+24	-0.0056783767582175865
8.224581446497496e+24	-0.005964136165641335
8.207346782309791e+24	-0.006125650889637398
8.190245183840067e+24	-0.006402179719503493
8.173276651090169e+24	-0.0068987631420323915
8.156441184058781e+24	-0.00784145846363266
8.139738782734687e+24	-0.0097534294520122
8.123169447084554e+24	-0.013956836081565583
8.106733177016335e+24	-0.024176499867984105
8.090429972262054e+24	-0.0524408650589214
8.074259831935848e+24	-0.14488869487354944
8.058222752527004e+24	-0.5162239060372114
8.042318718854476e+24	-1.9157860983191222
8.026548162416434e+24	137.78801071141632
8.011099278598122e+24	1539.6270411873525
7.996190310209406e+24	-1.073702884033456
7.981423845568255e+24	-0.8482992644683858
7.966793310317031e+24	-0.21982599911837863
7.952298721602676e+24	-0.07283406990271027
7.937940085775625e+24	-0.030908994862870846
7.923717404330945e+24	-0.01654769732570219
7.909630677693965e+24	-0.010883231982133455
7.895679906008665e+24	-0.008927336128793711
7.881865089340805e+24	-0.008801480574267129
7.868186227776515e+24	-0.012728441293252202
7.854643321728621e+24	-0.04092261351756594
7.841236375459491e+24	-0.3887165521897599
7.827965298978103e+24	64.29762481284696
7.813178042685409e+24	3066.3579425902562
7.795527688316292e+24	-0.824598608285456
7.778003756057309e+24	-0.06559534894730894
7.760617931033384e+24	-0.015798942827433587
7.743370203208327e+24	-0.00956966216470475
7.726260571800029e+24	-0.009601930450413312
7.70928903665791e+24	-0.012701420346389243
7.692455597669003e+24	-0.021501497927833402
7.675760254576296e+24	-0.04846496587825594
7.659203006506326e+24	-0.14605814969757833
7.642783849593995e+24	-0.5972199819117597
7.626502766455228e+24	-1.9227756171747987
7.610362586191343e+24	1100.5158985774067
7.594761825766387e+24	132.64154289203648
7.57954870849403e+24	-1.7485108921598007
7.564470636978525e+24	-0.39238517363843994
7.549527154884087e+24	-0.10435113626968909
7.534718275346877e+24	-0.03761797281889616
7.520044000995237e+24	-0.018037680396743496
7.505504332455052e+24	-0.01115337170781967
7.491099269914799e+24	-0.008380676436847272
7.476828813443807e+24	-0.007140868482442737
7.462692963072947e+24	-0.006538831013298094
7.448691718818817e+24	-0.0062264640007261675
7.434825080692283e+24	-0.006055436022942776
7.421093048701588e+24	-0.005782792236942457
7.407495622853789e+24	-0.00578481120256996
7.39403280315534e+24	-0.005786832016190428
7.380704589612384e+24	-0.00578885467974163
7.367510982231022e+24	-0.005790879195253836
7.354451981018949e+24	-0.0057929055658307756
7.341527585981768e+24	-0.005794933793980687
7.328737797122963e+24	-0.005796963882861548
7.316082614448957e+24	-0.005798995834627436
7.303562037965507e+24	-0.005801029651238229
7.291176067678039e+24	-0.005803065334656324
7.278924703592368e+24	-0.005805102886846658
7.266807945714379e+24	-0.005807142309776704
7.254825794049983e+24	-0.005809183605416471
7.242978248605112e+24	-0.005811226775738508
7.231265309385725e+24	-0.005813271822717918
7.219686976397807e+24	-0.005815318748332346
7.208243249647442e+24	-0.005817367554627776
7.196934129142242e+24	-0.005819418244728241
7.185759614888888e+24	-0.005821470821036451
7.174719706891705e+24	-0.005823525286208823
7.163814405153841e+24	-0.005825581643193099
7.15304370967766e+24	-0.006213397726385629
7.142407620451861e+24	-0.007528726706723251
7.131906137358626e+24	-0.018046169204867957
7.121539258469823e+24	-0.23524241960175213
7.111308359617914e+24	1264.4221089346827
7.104387162236579e+24	13512.402411494078
7.101731143822048e+24	-0.3490296051252509
7.099216924951255e+24	-0.025008557575210248
7.096812383485545e+24	-0.019195239397804036
7.094517522549481e+24	-0.05496183493309136
7.092332341845035e+24	-0.3318886139017269
7.09025683755365e+24	-1.461339412998948
7.088312125779953e+24	23513.04705824914
7.086687117291857e+24	-1.7840505391709784
7.085152298513914e+24	-0.3072390985522023
7.083686037144038e+24	-0.05173631515490096
7.082288336725388e+24	-0.01666651964615386
7.080959204984588e+24	-0.009242011067400758
7.079699469894476e+24	-0.008758441826999875
7.078509356939646e+24	-0.014551167000720958
7.077387877170293e+24	-0.040666076918135494
7.076334958296348e+24	-0.21465514130956426
7.075350597917736e+24	-1.8624205526335056
7.074437726503943e+24	9203.081155467327
7.07381551360531e+24	6.090348862713597
7.073362972021489e+24	-0.4879358619739956
7.073020099302568e+24	-0.07128863250013734
7.072786896589334e+24	-0.02016357887047873
7.072663364621496e+24	-0.0101199769693598
7.072649503503561e+24	-0.007428806576843411
7.072745313256613e+24	-0.006538941615381146
7.072950793885486e+24	-0.006196989108008134
7.073265945391844e+24	-0.005894517013195572
7.073690767779097e+24	-0.006451617379747592
7.074225261061655e+24	-0.007396775340245293
7.074869425293388e+24	-0.010826315798215311
7.075623260734466e+24	-0.027646363192848876
7.076486769270668e+24	-0.160918511135869
7.077459975746553e+24	-1.9067235187934892
7.078383457558364e+24	41949.65461822119
7.076241903055197e+24	-1.1225754384822595
7.07364169870436e+24	-0.24645250046714123
7.071188950532043e+24	-0.03582724703917494
7.068883621683032e+24	-0.012226906478576488
7.066725708983575e+24	-0.00775328704192948
7.064715212026611e+24	-0.0065802948225258005
7.062852130715017e+24	-0.006198741920468381
7.061136465007678e+24	-0.005926555107733817
7.05956821487507e+24	-0.0059287069304178475
7.058147380291371e+24	-0.005930860760382513
7.05687396123187e+24	-0.005933016599862919
7.055747957670319e+24	-0.005935174452219534
7.054769369582377e+24	-0.005937334320042599
7.053938196943761e+24	-0.0059394962055061545
7.053254439730557e+24	-0.005941660110787112
7.052718097918855e+24	-0.005943826038065243
7.052329171484693e+24	-0.0059459939895232
7.052087660404046e+24	-0.005948163967346509
7.051993564653071e+24	-0.005950335973915098
7.052046884209361e+24	-0.0059525100126939885
7.05224761904912e+24	-0.005954686086114973
7.052595769148043e+24	-0.005956864196378979
7.053091334481777e+24	-0.0059590443456898285
7.05373431502546e+24	-0.0059612265365359685
7.054524710752301e+24	-0.006322555079297951
7.05546252163721e+24	-0.007372224792915223
7.056547747654677e+24	-0.014223052546955755
7.057780388780375e+24	-0.10762273752903363
7.059160445362844e+24	0.7580328590695649
7.06065142570281e+24	199999.99402563728
7.062149705378976e+24	-1.142767989440289
7.063784528013062e+24	-0.045507673566014026
7.065565535605012e+24	-0.010326775769012912
7.067492728049727e+24	-0.006849865013368706
7.069566105346812e+24	-0.005985366120813714
7.071785667495282e+24	-0.005987573008860683
7.074151414492149e+24	-0.005989781971504812
7.076663346334303e+24	-0.005991993011822554
7.079321463020075e+24	-0.005994206132076634
7.082125764547773e+24	-0.005996421334532792
7.085076250915416e+24	-0.00599863862145978
7.088172922121005e+24	-0.006000857995129372
7.091415778161655e+24	-0.006857690672808483
7.094804819027045e+24	-0.013556781982041969
7.098340044500171e+24	-0.2388096521462307
7.102030210967625e+24	199999.9939902436
7.106417508738512e+24	51631.29578626868
7.111490524391971e+24	-0.19014522237960124
7.116714225612636e+24	-0.012602216977807317
7.122081347818954e+24	-0.006795280745089934
7.127591891221196e+24	-0.006020926705677077
7.133245855835132e+24	-0.006023167093429118
7.139043241667915e+24	-0.006025409596629205
7.144984048725691e+24	-0.006027654217593636
7.151068277014895e+24	-0.006029900958982508
7.15729592654318e+24	-0.006032149824401203
7.163666997316656e+24	-0.006034400816301836
7.170181489341264e+24	-0.0060366539370170875
7.176839402622968e+24	-0.006038909188882762
7.183640737167736e+24	-0.006041166574237791
7.190585492981347e+24	-0.00604342609556092
7.197673670067564e+24	-0.006045687756493698
7.204905268431816e+24	-0.0060479515597089036
7.212280288080126e+24	-0.006050217507562017
7.219798729018541e+24	-0.006052485602411688
7.227460591253115e+24	-0.006054755846619713
7.235265874790931e+24	-0.00605702824335383
7.243214579639369e+24	-0.0060593027959406605
7.251306705804548e+24	-0.006061579506757311
7.259542253292597e+24	-0.006063858378182307
7.267921222109572e+24	-0.00606613941259739
7.276443612261588e+24	-0.006068422612387488
7.285109423754677e+24	-0.006070707980028456
7.293918656592861e+24	-0.006072995519178691
7.302871310781596e+24	-0.006075285232651374
7.31196738632702e+24	-0.00607757712284834
7.321206883235352e+24	-0.00607987119217466
7.330589801512973e+24	-0.006082167443198946
7.340116141167806e+24	-0.0060844658796556095
7.349785902206469e+24	-0.00608676650425675
7.35959908463517e+24	-0.006089069319424493
7.369555688460098e+24	-0.0060913743275842315
7.379655713687423e+24	-0.006093681531164633
7.389899160323253e+24	-0.0060959909325976535
7.400286028373397e+24	-0.006098302534457722
7.410816317841465e+24	-0.006702051335974425
7.4214900287326e+24	-0.0070261957613792555
7.432307161052141e+24	-0.007579309482460644
7.443267714803498e+24	-0.008576971392963761
7.45437168998946e+24	-0.010503514287203116
7.465619086607039e+24	-0.014557802290882525
7.477009904637161e+24	-0.024092658060834476
7.488544144015904e+24	-0.050467202047384675
7.500221804517638e+24	-0.13787355261390374
7.512042885188645e+24	-0.5111616424991756
7.524007381574759e+24	-2.0414637695126814
7.536115576191715e+24	369.11929268237094
7.548454546611236e+24	389.7112744191599
7.561019031999299e+24	1499.9703967366602
7.57371277921157e+24	523.1816316158211
7.58475558783271e+24	239.83919355052768
7.594308779389702e+24	3397.2895491561785
7.603999767019595e+24	18.28807299143931
7.613758668137705e+24	-2.0127558840248727
7.623580937679374e+24	9940.661415035405
7.633525422690627e+24	2310.5225009675046
7.643615612494847e+24	-0.787746118033421
7.653804212490525e+24	-0.42672272239597203
7.664089595343277e+24	-1.9240250674409727
7.67447223007797e+24	26455.52245584384
7.684957574276022e+24	0.29796878059616044
7.695538852591851e+24	-0.7941371130872471
7.706214020460338e+24	-2.030138710955769
7.716983404983897e+24	457.50765845219837
7.727944011391406e+24	309.3490076693979
7.739107870841691e+24	-1.936745807471158
7.750384693679454e+24	-0.4582724882237948
7.761774163085508e+24	-0.11827269696239726
7.773276283627126e+24	-0.04181331237340442
7.784891056305646e+24	-0.01985164791691585
7.796618481378894e+24	-0.012218500633489695
7.808458558943149e+24	-0.008933721907415747
7.820411289050693e+24	-0.0076153231482239975
7.832476671740391e+24	-0.006981059862818799
7.844654707044108e+24	-0.006654561757005992
7.85694539499129e+24	-0.006477050356006203
7.869348735610374e+24	-0.006197414558559737
7.881864728929345e+24	-0.00619982347567141
7.89449337497595e+24	-0.006202234718860448
7.907234673777858e+24	-0.006204648290750304
7.920088625362662e+24	-0.006207064193987453
7.933055229756127e+24	-0.006209482432357277
7.946134486984735e+24	-0.006211903009173651
7.959326397076794e+24	-0.00621432592763532
7.972630960061613e+24	-0.006216751191640261
7.986048175966992e+24	-0.006219178803889102
7.99957804482069e+24	-0.006221608767039273
8.013220566650507e+24	-0.006224041083751857
8.026975741484311e+24	-0.006226475756691592
8.040843569350077e+24	-0.006228912788526902
8.054824050275774e+24	-0.006231352181929868
8.068917184289409e+24	-0.006233793939576253
8.083122971417757e+24	-0.006236238064961283
8.097441411687163e+24	-0.0062386845618180135
8.111872505126865e+24	-0.006241133433852963
8.126416251765221e+24	-0.006243584685054101
8.141072651630153e+24	-0.0062460383182473345
8.155841704749953e+24	-0.006248494336139454
8.170723411152958e+24	-0.006250952741440989
8.185717770867555e+24	-0.006253413536866218
8.200824783922177e+24	-0.006255876725133154
8.216044450345303e+24	-0.006258342308963587
8.231376770165464e+24	-0.006260810291083059
8.246821743410176e+24	-0.006263280674908895
8.262379370106288e+24	-0.006265753464498246
8.278049650284126e+24	-0.006268228664005752
8.293832583972869e+24	-0.00627070627652537
8.30972817120126e+24	-0.006273186304908603
8.325736411998031e+24	-0.006275668752407183
8.341857306392021e+24	-0.006278153621850578
8.358090854412127e+24	-0.006280640916003644
8.374437056087295e+24	-0.0062831306376350754
8.390895911446513e+24	-0.006285622789517413
8.407467420518826e+24	-0.006288117374427029
8.424151583332129e+24	-0.006290614395921654
8.44094839991459e+24	-0.006293113858644768
8.4578578702968e+24	-0.006295615766543467
8.474879994508006e+24	-0.006298120122431064
8.492014772577487e+24	-0.006300626929112245
8.509262204534563e+24	-0.006303136189395585
8.526622290408607e+24	-0.006305647906093588
8.544095030229038e+24	-0.006308162082022655
8.561680424025317e+24	-0.006310678720003122
8.579378471826962e+24	-0.006313197822859249
8.597189173663525e+24	-0.006315719393426128
8.61511252956316e+24	-0.0063182434358676435
8.633148539555921e+24	-0.006320769955262362
8.651297203671843e+24	-0.006323298954713112
8.669558521940675e+24	-0.006325830437072942
8.687932494392212e+24	-0.006328364405198894
8.7064191210563e+24	-0.006330900861952011
8.725018401962829e+24	-0.006333439810197326
8.743730337141741e+24	-0.006335981252803871
8.762554926622047e+24	-0.006338525192644704
8.781492170430088e+24	-0.0063410716325968935
8.800542068595574e+24	-0.006343620575732621
8.819704621145904e+24	-0.006346172027645721
8.838979828107337e+24	-0.006348725992196899
8.858367689503806e+24	-0.006622107926192906
8.877868205354947e+24	-0.006775383290984073
8.89748137567223e+24	-0.007036064813878084
8.917207200450827e+24	-0.007501035563267285
8.93704567965225e+24	-0.008377268143220557
8.95699681316337e+24	-0.01013954768766364
8.977060600692839e+24	-0.013974905225220638
8.99723704147695e+24	-0.023182917137648133
9.017526133341622e+24	-0.04823957828710179
9.037927869199113e+24	-0.1284871139896788
9.058442221280645e+24	-0.4434224377579793
9.079069065054696e+24	-1.7338496905652692
9.099810189061842e+24	63.52945459215097
9.121914977263024e+24	3098.361452856627
9.148539170482198e+24	0.8289047184932549
9.175425718893446e+24	-0.9961191418607489
9.202436141319588e+24	-0.25408326760869065
9.229570542966462e+24	-0.08335099339156199
9.256828994368485e+24	-0.03806656542279508
9.284211511591915e+24	-0.0329157292533368
9.311718098778294e+24	-0.09765223350779038
9.339348753950406e+24	-0.9479186295879363
9.367104225526376e+24	979.7394554010717
9.39560682586588e+24	99.45813783415672
9.424717674280705e+24	-0.5968283762336515
9.453962609570179e+24	-0.0672640076796256
9.483341512118234e+24	-0.01769850353430308
9.512854384367932e+24	-0.009453986349248161
9.542501226556622e+24	-0.0074564289174862365
9.572282038701156e+24	-0.006840817900767431
9.602196820780437e+24	-0.006429162538286979
9.632245572772007e+24	-0.006431798620391066
9.662428294656116e+24	-0.006714516099623634
9.69274498641844e+24	-0.006873987245917379
9.723195648070175e+24	-0.007145977070356061
9.753780279667075e+24	-0.007632737027912369
9.784498881356716e+24	-0.008553672340200645
9.81535145349164e+24	-0.010414752051994594
9.846337996920818e+24	-0.014489142878275713
9.877458513820663e+24	-0.024344282124264795
9.908713010373334e+24	-0.05142153211699551
9.940101506925268e+24	-0.13923065698131248
9.971624084398074e+24	-0.4885851004230522
1.0003281103024067e+25	-1.8543948171540034
1.0035064647446857e+25	102.56664091253487
1.0062773642873902e+25	2043.0854923003694
1.0079737117198272e+25	-0.5091566782073677
1.0096580586124534e+25	-0.9057723149204955
1.011353012786608e+25	-0.23357143678151118
1.0130585345603078e+25	-0.07743215665807197
1.0147746071928063e+25	-0.03338501737410355
1.016501226826853e+25	-0.0187049829955131
1.0182383923776783e+25	-0.013500539518764327
1.0199861034772054e+25	-0.012299310925299551
1.0217443599736086e+25	-0.013999729114622689
1.0235131617789052e+25	-0.020173523109973505
1.0252925087932333e+25	-0.03752669007476456
1.02708240078831e+25	-0.09071905415171272
1.0288828369827128e+25	-0.2858011949691937
1.0306938139646838e+25	-1.134227138479368
1.0325153294738489e+25	4.023865717134083
1.034356151353343e+25	4800.360361494156
1.0364122955707597e+25	33.678306608685716
1.0385251432833442e+25	-1.582059525009149
1.0406490499831568e+25	-0.42960856111328566
1.0427839614210937e+25	-0.2221715581928189
1.0449298824772952e+25	-0.4172869502075881
1.047086812779453e+25	-1.5358302538165796
1.0492547630993023e+25	28.326871132223737
1.0514450486125044e+25	5223.618574391622
1.0537168426990749e+25	5.148791327871144
1.0560042446317332e+25	-1.1677829728226998
1.0583028110981158e+25	-0.2932393106089454
1.0598534353831896e+25	-1.3056598659715928
1.06076016981933e+25	199999.9904841942
1.0618558981330249e+25	-0.99935494471873
1.063015552469285e+25	-0.7066360209991389
1.0641993245114567e+25	123669.30713039442
1.0658567686526121e+25	62.855739808331684
1.0677764273424943e+25	-0.16454670643445865
1.0697069725690011e+25	-0.01897956152573206
1.0716483903183185e+25	-0.020844982306897648
1.0736006818671075e+25	-0.215208173174331
1.0755636324852496e+25	307.21257069475706
1.075901142966342e+25	24018.001432411544
1.0736729948748807e+25	-0.45337412453447795
1.0714452771661874e+25	-0.028138341842573557
1.0692505779264142e+25	-0.01123908119948129
1.0670888945710388e+25	-0.011524343183602343
1.0649602269578794e+25	-0.016146753967296916
1.0628645750619285e+25	-0.030154944524308475
1.060801938865888e+25	-0.07514880630907163
1.0587723183307207e+25	-0.252738347108624
1.0567757132794933e+25	-1.1478660340137734
1.0548121210532268e+25	5.879892360353682
1.0528814144194625e+25	11314.71043922615
1.0519336307171376e+25	409991.06893179944
1.0554063664042618e+25	389.77292899401596
1.0602226931639038e+25	-1.6591343501216205
1.0650692251235944e+25	-0.26027653632172176
1.0699452065485746e+25	-0.06681186480928938
1.0748506446879714e+25	-0.026054601530800407
1.079785540471586e+25	-0.014379399027789513
1.0847498940749126e+25	-0.010179548394433535
1.089743705542493e+25	-0.00843312492505571
1.0947669748897112e+25	-0.008030478719042939
1.0998197021292496e+25	-0.008334671059533843
1.1049018873026465e+25	-0.01227764692912875
1.110013530692088e+25	-0.045123403785329336
1.115154636310983e+25	-0.6253742287464341
1.120320633411477e+25	4271.878786390746
1.1234307696316034e+25	117.91820022594234
1.1250719404847614e+25	-0.319695451338837
1.1267267695762281e+25	-0.03180804160633856
1.1283954937630313e+25	-0.014053177884790066
1.130078110636259e+25	-0.0269379496328293
1.1317746197376062e+25	-0.22975808005854798
1.1334850198894835e+25	17.908222393942633
1.1353772631013878e+25	28083.12929676477
1.1377123450817853e+25	-0.9514684393756137
1.140073064166306e+25	-0.8454798487964794
1.1424511843387215e+25	15345.447926923616
1.144975781496031e+25	35.327020476745474
1.1475868058063884e+25	-0.258219010463858
1.1494977279121451e+25	-0.16416025772324416
1.1510368141449924e+25	-0.33243088344151084
1.1525897492162304e+25	-0.7296527639492262
1.1541565309038065e+25	-1.6072572682772475
1.1557371584483975e+25	-0.7572482373071004
1.157331777685819e+25	100.33877790031471
1.1589465529007155e+25	2034.5766980363833
1.1606091522409742e+25	129.86367248672832
1.162294453155268e+25	18.15101890577936
1.164028953639375e+25	4613.2258256507575
1.1662078048363889e+25	37.471545720191116
1.168477693358928e+25	-2.208869492045241
1.1707624445316553e+25	-2.4947483935720314
1.172842049551723e+25	199999.59818596937
1.1738297859460868e+25	12.502480649146612
1.1744073596760726e+25	-0.7411887768736967
1.1750012087858878e+25	-1.5005594023015683
1.175611329941204e+25	-1.329864038801658
1.1762380277567145e+25	69.47935551136534
1.1768949334595509e+25	1906.995232098293
1.177668143601684e+25	185.4565960060847
1.1784918966448443e+25	0.9810778996662592
1.1793327133056909e+25	-1.9697730557797366
1.1801896833549912e+25	-2.410575471326328
1.1810596838722047e+25	904.14102140094
1.1805800015735626e+25	77.60547470213886
1.1791975588853881e+25	-2.8510358458459804
1.1778296813654133e+25	41.219302357492616
1.176505015279684e+25	4521.417083419227
1.1753781029977382e+25	16.718358972109446
1.1742836842543572e+25	-1.6461809078459777
1.173204513199716e+25	-0.5237088613381384
1.1721405562996254e+25	-0.2540617704685712
1.171091818982355e+25	-0.3345030913712815
1.1700583017261474e+25	-0.949110634416166
1.169040002243523e+25	-1.5843200239233026
1.1680371890789468e+25	453.04568528497686
1.1670832903203696e+25	710.7141793041483
1.166186310780592e+25	-1.0281406614230681
1.1653052076147525e+25	-1.0445556345441331
1.1644394408792247e+25	-0.3547135538860405
1.163589017159944e+25	-0.21663169767412094
1.1615136407803903e+25	-2.1814289894579413
1.1594822975785977e+25	199999.55321253825
1.1576299613750535e+25	-2.8140227972628806
1.1558142528509863e+25	-2.557890843713551
1.1540168157362867e+25	2534.6523807048975
1.1525796377078947e+25	737.4374250112309
1.1515731130329955e+25	1087.3443150161524
1.1507832167775107e+25	24.45275439249843
1.1500231111682456e+25	-1.9713147029563298
1.149277998666549e+25	-1.237992080221677
1.1485475713584046e+25	-0.8516283034711998
1.1478316876720977e+25	169.1727523922442
1.145691252917233e+25	3933.4283901870776
1.1413574902943315e+25	12.652655496425597
1.1373250475781388e+25	6907.192961715915
1.134139514789973e+25	-1.4556607740051106
1.13098866180694e+25	-0.1499728876956271
1.1278627364620224e+25	-0.03859309050806962
1.1247617442509625e+25	-0.0209132502637107
1.1216856854515666e+25	-0.030087280982090816
1.1186345598642438e+25	-0.692108928364704
1.115620738638069e+25	199999.98732037997
1.1128153129576074e+25	67.27799630101428
1.1101353310092114e+25	199999.90698588802
1.107950547939603e+25	39512.29034204744
1.1053062823471223e+25	-0.08508874261906824
1.1026796751544519e+25	-0.010685184077570572
1.100076961013099e+25	-0.009860223482932995
1.0974981397887279e+25	-0.01805321323159003
1.0949432109755643e+25	-0.11110968440221017
1.0924121632681793e+25	-1.9662912482585932
1.0902434129325455e+25	199999.9927849656
1.0901726556333799e+25	-1.7590811022377906
1.0903737748225959e+25	-0.08443023474826808
1.0906052758017865e+25	-0.01795388693445911
1.0908671676946769e+25	-0.01650570813101789
1.091159451261751e+25	-0.043669136056762856
1.0914821292199046e+25	-0.29683542776925564
1.0918352298616768e+25	0.23245583723220622
1.0917862136430762e+25	27511.34455393237
1.0894686513298502e+25	-1.8236980323603964
1.087063551235724e+25	-0.16204872181508012
1.0846790542766828e+25	-0.030737852951643604
1.0823151407830992e+25	-0.014659808105669851
1.0799718091710112e+25	-0.016045271132208296
1.077649059169405e+25	-0.041150765396092776
1.0753468903285255e+25	-0.26792749776242875
1.073065297910088e+25	-1.0394550504641653
1.0708637521220073e+25	36155.71837091872
1.0690778847390278e+25	-1.965420635739295
1.0673402246674977e+25	-0.32569788225188706
1.065624745518119e+25	-1.8046348498720761
1.0639351737875616e+25	25243.07906328284
1.062393123512098e+25	0.7439865670169251
1.0609040248697002e+25	-0.3055700958756682
1.0591167347804616e+25	-0.10205402530763255
1.056438196912936e+25	-0.5693612526583237
1.0537813886634892e+25	1.0399897688757638
1.051157277205546e+25	12502.923316852604
1.0486578340464493e+25	-1.4206201085611434
1.046186451573923e+25	-0.5068731351298493
1.0437364981813352e+25	-0.34349641822782745
1.0413079718806991e+25	-1.7835262625809492
1.0389016390561676e+25	1238.378592379861
1.03674597074076e+25	59.155438490400044
1.034744836682852e+25	-1.0781950860451823
1.0327642586710632e+25	-1.332011770158195
1.030803653495398e+25	42925.19028355294
1.0288386197078474e+25	4.957168012496817
1.026885620359164e+25	-0.22603379302931564
1.0249535474028573e+25	-0.03583384107440975
1.023042400944095e+25	-0.03127201837757585
1.0211521818769444e+25	-0.08392697112124659
1.0192828954785568e+25	-0.42851172112680974
1.0174345785723857e+25	-1.7024609136550417
1.015544470976171e+25	11153.862117111803
1.011885949687121e+25	2.451655052976519
1.0079575078704142e+25	-0.604074380327728
1.0040556622591413e+25	-0.10664845350112194
1.0001803872847305e+25	-0.03346243482065991
9.96331674812993e+24	-0.03920014909615033
9.925095236585543e+24	-1.5764226562788126
9.887013255927985e+24	199999.99117848795
9.848365302137436e+24	-0.9111768947871424
9.809739888440715e+24	-0.04867131738524297
9.771384203335225e+24	-0.01025909299860353
9.733298244721235e+24	-0.007996823820607239
9.695482012467933e+24	-0.007588898852407522
9.657935506482256e+24	-0.007595874778435201
9.620658726678765e+24	-0.007602863028400694
9.583651672968268e+24	-0.007609863628982317
9.546914345270501e+24	-0.007616876608075774
9.51044674350328e+24	-0.007623901993290257
9.474248867584261e+24	-0.00763093981201996
9.438320717433852e+24	-0.0076379900921507374
9.402662292971463e+24	-0.007645052861164236
9.367273594113548e+24	-0.007652128147412767
9.332154620778617e+24	-0.0076592159782682655
9.297305372886788e+24	-0.007666316382183919
9.262725850355404e+24	-0.007673429386909892
9.228416053100745e+24	-0.007680555020754273
9.194375981039464e+24	-0.007687693312149664
9.160605634084551e+24	-0.007694844288980146
9.1271050121515e+24	-0.007702007980062472
9.093874115157238e+24	-0.007709184413568875
9.060912943014783e+24	-0.007716373618440536
9.028221495635423e+24	-0.007723575622790718
8.995799772924793e+24	-0.007730790455616703
8.963647774787227e+24	-0.008100101071963564
8.931765501117177e+24	-0.008276225627664122
8.900152951791582e+24	-0.00855171723232379
8.86881012666318e+24	-0.00899924905570713
8.837737025537196e+24	-0.009757030923078254
8.806933648120764e+24	-0.01110139151574562
8.776399993924117e+24	-0.013618077205974712
8.7461360620303e+24	-0.01863769201343632
8.716141850500366e+24	-0.02944428573325536
8.686417354738871e+24	-0.05499957615215414
8.656962562424191e+24	-0.12291155254159906
8.62777743553431e+24	-0.33063381850980755
8.598861840516333e+24	-1.042899502707047
8.570215479799513e+24	-1.3399946212378528
8.541868246616148e+24	385.14148329411745
8.517054023444143e+24	976.6244282053252
8.497231256228089e+24	0.7853817741080087
8.477740411593014e+24	-1.2640255552233621
8.458484605084846e+24	-0.39713257067315916
8.439463928566221e+24	-0.1431967802649702
8.420678554501546e+24	-0.062194424556204816
8.402128531236394e+24	-0.03238578343567931
8.383813873813948e+24	-0.0200112005323724
8.365734587566379e+24	-0.014353074520587074
8.347890674586715e+24	-0.011556887533333117
8.33028213574892e+24	-0.010084843285370149
8.312908971422379e+24	-0.009268600622834992
8.295771181754408e+24	-0.008796235282675424
8.278868766782535e+24	-0.008513151152599312
8.262201726487309e+24	-0.008338694057171275
8.245770060825445e+24	-0.008228880719940334
8.229573769739192e+24	-0.00796861470403225
8.213612853169043e+24	-0.008565761092253368
8.19788731107834e+24	-0.010283073287140104
8.182397143633791e+24	-0.02138448311023116
8.167142353499509e+24	-0.16942732377881076
8.152122979310832e+24	8.841767000718649
8.134753858923561e+24	110650.57161467022
8.110136278177345e+24	-0.9493061263454899
8.085458198426796e+24	-0.05322022783975221
8.061022693170033e+24	-0.021610054298713217
8.036829745600339e+24	-0.06139220584621425
8.012879353933866e+24	-0.7383330834621007
7.989171968696344e+24	3239.910285812447
7.965918162531587e+24	32022.75601563743
7.943920665875728e+24	21.845865619702163
7.922522009429225e+24	-0.626532103032368
7.901272495523033e+24	0.7711731081539541
7.882370007976561e+24	18189.140162912776
7.876667433345029e+24	-1.9858767721656032
7.871719558875704e+24	-0.2743870506690908
7.866939355669459e+24	-0.7302363539173314
7.862327408425285e+24	3307.7952341945975
7.858108511446902e+24	95.72469281373569
7.854275698690944e+24	-0.35571278848220655
7.850687272683908e+24	-0.03724859279613767
7.847343209077669e+24	-0.013026080522479782
7.84424350832719e+24	-0.009409323228881475
7.841388170512042e+24	-0.008586359376119837
7.838777195671824e+24	-0.00818829285315317
7.836410583835339e+24	-0.008196347912539408
7.834288335031343e+24	-0.008204417750973476
7.832410449285031e+24	-0.008212502402618463
7.830776926620499e+24	-0.008220601900169525
7.829387767060996e+24	-0.008228716280085617
7.828242970631478e+24	-0.008236845576997179
7.827342537356147e+24	-0.008244989823819136
7.826686467258425e+24	-0.008253149057276112
7.826274760363278e+24	-0.008261323312385275
7.82610741669508e+24	-0.008269512622313943
7.826184436277443e+24	-0.008277717024119922
7.826505819135358e+24	-0.008285936553115854
7.827071565293354e+24	-0.008294171242752635
7.827881674775268e+24	-0.008302421130493617
7.828936147606126e+24	-0.008310686251852308
7.83023498381059e+24	-0.008318966640596157
7.831778183412716e+24	-0.008327262334633136
7.833565746437588e+24	-0.008335573369614546
7.835597672910002e+24	-0.008343899779677613
7.837873962854245e+24	-0.00835224160323903
7.840394616295444e+24	-0.008360598875979853
7.843159633258521e+24	-0.008368971632469774
7.846169013767977e+24	-0.008377359911617687
7.849422757849005e+24	-0.008385763749097414
7.852920865526717e+24	-0.008394183179990878
7.856663336825719e+24	-0.00840261824365016
7.8606501717712e+24	-0.008811984058136005
7.864881370387912e+24	-0.013796240760431273
7.869356932711955e+24	-0.5459113591852001
7.874051927219526e+24	199999.99156348445
7.878951244463443e+24	-0.40005527250205425
7.884117367496145e+24	-0.012997430382377871
7.889529015678313e+24	-0.008818837142266446
7.895186189125267e+24	-0.008470665931676145
7.901088887864319e+24	-0.008479243351689503
7.907237111921411e+24	-0.008487836776006825
7.913630861322389e+24	-0.008496446243355832
7.920270136092447e+24	-0.008505071793004474
7.927154936257514e+24	-0.008513713460921626
7.934285261843412e+24	-0.00852237128714265
7.941661112875506e+24	-0.008531045310218515
7.949282489379954e+24	-0.008539735566727862
7.957149391382531e+24	-0.008548442097690349
7.965261818908844e+24	-0.00855716494103299
7.973619771985276e+24	-0.008565904134255077
7.982223250637502e+24	-0.008574659718885977
7.991072254891413e+24	-0.008583431732414375
8.000166784773645e+24	-0.008592220213632585
8.00950684030974e+24	-0.00860102520396028
8.019092421525982e+24	-0.008609846740735599
8.0289235284565e+24	-0.008618684864388874
8.039000161131451e+24	-0.008627539615575589
8.049322319578773e+24	-0.008636411032000892
8.059890003835021e+24	-0.008645299155609194
8.07070321393979e+24	-0.008654204026017845
8.081761949945568e+24	-0.009053741890900592
8.093066211926094e+24	-0.009330084076830624
8.104616000000887e+24	-0.009845933787066781
8.116411314392155e+24	-0.011498889706967389
8.128452155567154e+24	-0.015432980111743242
8.140738524643618e+24	-0.03092998150170291
8.153270424634321e+24	-0.16088334900976367
8.16604786358276e+24	-1.3246371581728154
8.179130321134534e+24	199999.7196599404
8.19268907172723e+24	-2.745642810616143
8.206431489974558e+24	21.411905797282138
8.217886508441467e+24	5288.477647521145
8.215656773383969e+24	0.520211150569805
8.212970328285664e+24	-0.8530903834496459
8.210410300723209e+24	-0.2261372140972098
8.20797671442492e+24	-0.5174970912815052
8.205669559708005e+24	1416.6202135726824
8.203685941495524e+24	460.28734011551086
8.202080802818612e+24	-0.38524411017428467
8.200686635278446e+24	-0.057436595081500515
8.199503331022738e+24	-0.18422399126593064
8.198530883252174e+24	-1.124216746460014
8.197919017332492e+24	119359.27874222805
8.198260871348444e+24	-1.9020295011611568
8.1988771442493e+24	-1.6085712527583236
8.199715031835285e+24	58.46996077390513
8.201484009340549e+24	2406.769549433602
8.205586015006922e+24	-1.439897796647718
8.209951890745367e+24	-0.74522331071916
8.214544451149935e+24	-0.33940735615980816
8.219363765341934e+24	-0.8294906480857257
8.224409829241247e+24	-0.47812663504334113
8.229699495047299e+24	4117.098873017319
8.235946153115842e+24	30.83788966867597
8.242624125750021e+24	-1.354760531486849
8.249530846034834e+24	-0.29723202565024415
8.256666185797329e+24	-0.08604843871710063
8.256983347610781e+24	-0.2119115140508922
8.25078513557316e+24	49.53898226841035
8.245541767533474e+24	33337.86635186105
8.242009895867471e+24	-0.8223568944126642
8.238759996983155e+24	3.751158521263935
8.237250650555659e+24	199999.98734653264
8.240817259661102e+24	-1.05423828934323
8.244871010183538e+24	-0.05434527323050806
8.249148414650421e+24	-0.01794870904413857
8.253649485737923e+24	-0.03426513546469259
8.25837424124925e+24	-0.4314126044106772
8.263319096433447e+24	14738.856882511045
8.251979388194078e+24	204378.50104419352
8.217744792311661e+24	-0.7723817471994188
8.183814129132191e+24	-0.04302841808405533
8.150289652153757e+24	-0.013613795277141598
8.117171331198039e+24	-0.009974462124673358
8.084459164471885e+24	-0.009157763899858406
8.052153151816346e+24	-0.009167436606901237
8.020253293276225e+24	-0.009177127735169918
7.988759588936773e+24	-0.009186837332080387
7.95767203888944e+24	-0.009196565440572083
7.926990643232878e+24	-0.009206312107524973
7.896715402067539e+24	-0.009216077378176958
7.866846315493155e+24	-0.009225861296952865
7.837383383609847e+24	-0.009235663911825941
7.808326606518157e+24	-0.009245485266278637
7.779675984317984e+24	-0.009255325408371937
7.751431517110312e+24	-0.009265184383388622
7.723593204995435e+24	-0.009275062237093092
7.696161048074206e+24	-0.009284959017722269
7.669135046447646e+24	-0.00929487476953157
7.642515200216405e+24	-0.009304809541724711
7.61630150948201e+24	-0.00931476337947456
7.590493974345296e+24	-0.009324736330373774
7.56509259490787e+24	-0.009334728442364914
7.540097371271219e+24	-0.009344739760978629
7.515508303536747e+24	-0.00935477033617519
7.49132539180648e+24	-0.009364820213203024
7.467548636181918e+24	-0.009374889441762761
7.44417803676511e+24	-0.009384978068938135
7.421213593657931e+24	-0.00939508614232647
7.398655306962469e+24	-0.009405213711781645
7.376503176780969e+24	-0.009415360823419995
7.35475720321517e+24	-0.009425527528320182
7.333417386367036e+24	-0.009795113705674836
7.312483726337083e+24	-0.010143695837727004
7.291956223223856e+24	-0.010927455541758285
7.271834877119328e+24	-0.012915603366639094
7.252119688095079e+24	-0.018786457734901583
7.232810656142723e+24	-0.040053806272886266
7.21390778085748e+24	-0.14347684038710468
7.195411059044305e+24	-0.8774867464539422
7.17732050812191e+24	28.113096109833
7.159792332009203e+24	2594.5301550579775
7.143110841586434e+24	44.536568916282704
7.123969329186192e+24	398037.68904975115
7.099082703896765e+24	70176.32004058523
7.074586155042829e+24	44358.39661727792
7.051147313936468e+24	15.662413257085422
7.028387957576078e+24	-0.21499713598065762
7.006001484928428e+24	-0.028640441194520673
6.983987893474283e+24	-0.013536961838978855
6.962347183636426e+24	-0.010876853199383432
6.941079355416371e+24	-0.009904801132407232
6.920184408776599e+24	-0.009643641707144303
6.899662343673842e+24	-0.009654252033810089
6.879513160052647e+24	-0.010152124602763204
6.859736857732503e+24	-0.01783751496799892
6.840333422857465e+24	-1.504729904554517
6.824951645662022e+24	199999.99030309857
6.806778113191905e+24	-0.09894725304828884
6.788384955248989e+24	-0.011648174333825657
6.770366096248148e+24	-0.009729108324956224
6.752721534818404e+24	-0.009739886144260355
6.735451270875855e+24	-0.009750685138272895
6.718555304370437e+24	-0.009761505362743745
6.702033635256773e+24	-0.009772346869346905
6.685886263488924e+24	-0.009783209714496262
6.670113189021328e+24	-0.009794093950138307
6.65471441180924e+24	-0.009804999632836077
6.639689931803811e+24	-0.009815926815316955
6.6250397489565e+24	-0.009826875553801158
6.610763863215011e+24	-0.01018138848283117
6.596862274516718e+24	-0.010736905259160726
6.583334982757087e+24	-0.012605520084360007
6.5701819876412e+24	-0.020902742732948336
6.55740328757622e+24	-0.07717297821502223
6.544998865050338e+24	-0.8302311739184409
6.532974053483848e+24	1275.5138869048715
6.525672529495069e+24	103.53821809023276
6.52199114652292e+24	-0.505562998869099
6.518613896774312e+24	-0.056682732378890086
6.515540080694547e+24	-0.018346113571910315
6.512769710086733e+24	-0.012168888938630166
6.510302786105209e+24	-0.010712418302382254
6.508139308952934e+24	-0.010276789863514013
6.506279278684474e+24	-0.009993731061723299
6.504722695320937e+24	-0.010005032280341513
6.503469558875649e+24	-0.010016356013626168
6.502519869358153e+24	-0.012135174997628565
6.501873626810209e+24	-0.1377813362814069
6.501501390596261e+24	199999.98994953712
6.501329505016805e+24	-0.49936378188445285
6.501552704987546e+24	-0.014153954616146457
6.502079373351228e+24	-0.010373890734944359
6.502909510356205e+24	-0.01009625743616302
6.504043116001703e+24	-0.011091596540714916
6.505480190211389e+24	-0.01625980221266359
6.507220731970955e+24	-0.0961712222726957
6.50926471144711e+24	4.560525588244258
6.51394943106397e+24	199999.9898459818
6.526226993989055e+24	-0.9914546104344141
6.539508079277605e+24	-0.038341240873709506
6.553150201470375e+24	-0.013101065950574987
6.567153371944524e+24	-0.01076331906492053
6.581517591182262e+24	-0.010212361107504066
6.596242859306291e+24	-0.01022410020508039
6.611329176402219e+24	-0.0102358629529541
6.626776542551466e+24	-0.010247649412432579
6.642584957832926e+24	-0.01025945964593104
6.658754422326328e+24	-0.010271293715226391
6.67528493610967e+24	-0.010283151683059455
6.692176499262882e+24	-0.010295033611768445
6.709429111864136e+24	-0.01030693956433653
6.727042773993582e+24	-0.01031886960367647
6.745017485729584e+24	-0.010330823793003907
6.763353247152464e+24	-0.010342802195826308
6.782050058341738e+24	-0.010354804875602266
6.801107919380512e+24	-0.010366831896497713
6.820526830352156e+24	-0.010681483412771708
6.840306791352969e+24	-0.01126643496980988
6.860447802524416e+24	-0.013588654236789831
6.880949864287088e+24	-0.02695252667117856
6.901812979846458e+24	-0.1692954717494419
6.923037205612006e+24	-1.0825933000791883
6.943167782739638e+24	121338.82139601863
6.95645250202385e+24	-1.571160344877614
6.969548674159932e+24	-0.09503726768401875
6.982967619298425e+24	-0.02332712247733633
6.996709304280583e+24	-0.02236234639088073
7.0107737267514e+24	-0.07558100733937714
7.025160879428791e+24	-1.0082297282339405
7.039873881079482e+24	4680.211940434732
7.0583108450792e+24	683.6476985722963
7.080083670979869e+24	-0.9420469693615379
7.102196258522215e+24	9.424588210065377
7.125128364761002e+24	30823.999532214595
7.149804848855056e+24	-1.071265211212851
7.174864051521469e+24	-0.07249778130244573
7.188278450494772e+24	-0.20925073579272713
7.195870186806475e+24	46.74582587581767
7.204504572034027e+24	37152.10746690651
7.214952288485236e+24	-0.8940343586931069
7.225776527745762e+24	57.005169596848305
7.2390887878219e+24	31074.02408105479
7.257119537696769e+24	-0.6650644563131642
7.275545907356027e+24	-0.04370236158238335
7.294288238797258e+24	-0.018686207561755444
7.313346539618227e+24	-0.038940235750655944
7.332720817924193e+24	-0.5192193880635172
7.352392125761245e+24	8400.51721214369
7.366376300168043e+24	196.59722791123323
7.376304049243516e+24	-0.26738544552755966
7.386596650709752e+24	-0.028270534958856276
7.397255049406436e+24	-0.013529451591955073
7.408279240661476e+24	-0.011486435327502629
7.419669224079778e+24	-0.010844986951415015
7.431424999559528e+24	-0.010859518201914506
7.443546567038566e+24	-0.010874082448423994
7.456033926461892e+24	-0.010888679786822425
7.468887077776808e+24	-0.010903310313108476
7.482106020931857e+24	-0.01091797412439887
7.495690755875173e+24	-0.010932671317382054
7.509641282555815e+24	-0.010947401989235633
7.523957600921875e+24	-0.010962166238127487
7.538639710924339e+24	-0.010976964161722133
7.553687612540321e+24	-0.012232869574772636
7.569101306466089e+24	-0.05808863493303626
7.584753301836046e+24	199999.98866429023
7.596472801769762e+24	-1.6735963236817295
7.613100411106399e+24	-0.01972705737951422
7.630096522821156e+24	-0.01432056746061867
7.647461160266321e+24	-0.018482525008847926
7.665194323520702e+24	-0.03424355090323886
7.683296012391741e+24	-0.10525643201211714
7.701766225949468e+24	-0.5712413374009108
7.720604960227536e+24	1.0122008591076972
7.739832783029022e+24	12538.329081671933
7.759607220346569e+24	-1.4120219818691593
7.779733941256051e+24	-0.46127000333660817
7.800200410423834e+24	-0.09046139058075935
7.821006631836673e+24	-0.03139108664760593
7.842152606096384e+24	-0.0182883005559227
7.86363838180223e+24	-0.015461309691227033
7.885465331555254e+24	-0.0222086604280787
7.907632966437068e+24	-0.084287745209417
7.930140449780819e+24	-1.4660182647184934
7.951263030208397e+24	199999.8607102848
7.9446020984146e+24	-1.8577132314807532
7.930848356924386e+24	21.26851684088981
7.917320943782329e+24	3341.274558160734
7.904156965835581e+24	-1.9844415495627128
7.891195866897179e+24	-0.3775180093516818
7.878435582340248e+24	-1.1764157331620166
7.866032621994892e+24	116041.25840076806
7.85836970904862e+24	3.4285653519892136
7.852511476610567e+24	-1.0826404979949433
7.846910225842487e+24	54875.420559391845
7.842967451468001e+24	13.125728530942274
7.839874830901154e+24	-0.311828218221078
7.832660389142781e+24	51346.052440006606
7.810240781263019e+24	199998.25511553808
7.788293848987723e+24	199999.64579270687
7.768376972491434e+24	-2.1246149498848808
7.749071861023112e+24	5.251174267560061
7.731694439532449e+24	199999.87739036558
7.719734598560793e+24	-2.348277944322577
7.708400736231179e+24	199999.95463889197
7.697498620329125e+24	-1.451188473402903
7.686726949634193e+24	-0.12089446777947105
7.676058216304156e+24	-1.8152461610945312
7.66113037887308e+24	199999.98592604045
7.614241380346588e+24	-2.011462119079018
7.561220114984127e+24	-0.1218517931078739
7.508527006922694e+24	-1.1860851887732804
7.456176556125722e+24	199999.98716834083
7.404463391335452e+24	0.9128028005120394
7.353260000657612e+24	-0.13716280494480698
7.302479930812393e+24	-0.0227627877992757
7.252123183727548e+24	-0.013830658625709086
7.202189759576455e+24	-0.012441446747893797
7.152679658432147e+24	-0.011969011584251423
7.103592880357806e+24	-0.011993606627991572
7.054929425414965e+24	-0.01201828169412223
7.006689293664791e+24	-0.012043037102027976
6.958872485168464e+24	-0.012067873172589135
6.911478999987222e+24	-0.012092790228231894
6.864508838182295e+24	-0.012117788592943919
6.817961999814994e+24	-0.012142868592319181
6.77183848494668e+24	-0.012168030553606447
6.726138293638774e+24	-0.012193274805609593
6.680861425952737e+24	-0.012218601678747639
6.636007881950055e+24	-0.012244011505028818
6.591577661692231e+24	-0.012269504618014676
6.54757076524072e+24	-0.012625651674473994
6.503987192656817e+24	-0.012882458482516762
6.460826944001447e+24	-0.013351326934986592
6.418090019334678e+24	-0.014285662704385178
6.375776418714391e+24	-0.016334771389891378
6.333886142192923e+24	-0.02136131888494355
6.292419189806178e+24	-0.035536329122664224
6.251375561533406e+24	-0.08353415504921662
6.210755257112246e+24	-0.2910674559725116
6.170558275014467e+24	-1.3976566533725827
6.13078463328424e+24	50.692720549045404
6.091461126539276e+24	2281.1068503711026
6.052641251124541e+24	-1.7698710362560646
6.014249672632452e+24	-0.6027066816345396
5.976285194519186e+24	-0.14413106235387144
5.938747819609243e+24	-0.05111391516351011
5.901637548597263e+24	-0.02649694230582325
5.86495438159684e+24	-0.018477804397229593
5.828698318599649e+24	-0.015438235041283159
5.792869359564976e+24	-0.014150855065259258
5.75746750444168e+24	-0.01356032554541392
5.722492753174844e+24	-0.013275070862174193
5.687945105707906e+24	-0.012879625737687911
5.653824561983542e+24	-0.012907222211442889
5.620131121943916e+24	-0.012934910869116096
5.586864785531021e+24	-0.01296269208996883
5.554025552686723e+24	-0.012990566255186332
5.52161342335338e+24	-0.013018533748092186
5.489628397473022e+24	-0.013046594953880818
5.458070474988636e+24	-0.01307475025944911
5.42693965584542e+24	-0.013482624603223288
5.396235939995712e+24	-0.014138671034468534
5.365959327420008e+24	-0.016391953507905125
5.336109818239725e+24	-0.026933064045372303
5.306687413623222e+24	-0.10547623225657615
5.277692129462113e+24	-1.2796105713213493
5.249088283113746e+24	13327.521455892636
5.217566889859016e+24	9.655347848071829
5.185222954413989e+24	-0.3270071613840489
5.153371481221036e+24	-0.04655573009121303
5.122012464969851e+24	-0.01978693699973129
5.091145901130484e+24	-0.01517692205123019
5.060771789100302e+24	-0.014480076947999306
5.03089012865731e+24	-0.015060194240451727
5.001500919632838e+24	-0.022071335836712176
4.972604161785417e+24	-0.10342553799770694
4.944199852817309e+24	-1.9484111005847053
4.916356387685521e+24	199999.98640191
4.889368857670093e+24	-1.6714316397709506
4.862913914363722e+24	-0.07850812125837418
4.836945452016081e+24	-0.2810379349600506
4.811513895118862e+24	199999.9831225362
4.7865188786309366e+24	-0.15202401896394513
4.7619748805821293e+24	-0.09723394990263705
4.7379189558107186e+24	-2.0105476387025663
4.7144795460973263e+24	199999.986158867
4.692358658871662e+24	-1.8489506567745806
4.670858801870589e+24	-0.08473712254574284
4.6498605414331326e+24	-0.02920556804948881
4.6293638822932574e+24	-0.17267883132886583
4.6093682217471687e+24	779.5040201273515
4.5871752778744754e+24	190600.5359950146
4.561226126237503e+24	-1.4526619315902147
4.5357119248973e+24	199999.97163035593
4.5113430691496154e+24	112.58311690813264
4.4877514767595625e+24	-0.0611037093595993
4.4645871606529507e+24	-0.017147638317132806
4.441850099045194e+24	-0.015600257791260822
4.4195402920875237e+24	-0.015759171856807898
4.397657739886046e+24	-0.016396060084577526
4.376202442541807e+24	-0.017335293737329706
4.3551744001506343e+24	-0.01876226314584349
4.33457361280011e+24	-0.021000383254520184
4.3144000805627046e+24	-0.024634909282895703
4.2946538034813187e+24	-0.030769919503586738
4.2753347815191875e+24	-0.04455896663841726
4.25644301221053e+24	-0.5010370590150781
4.2395799143297724e+24	199999.89890475335
4.221870027758056e+24	-0.23105786025634173
4.204295731316493e+24	-0.3720815645667047
4.1871457652748276e+24	-0.817151223474986
4.17042011749893e+24	-1.7526022406758464
4.154118801239199e+24	1.043692013233498
4.138243202339905e+24	186.84517557393895
4.122844376671256e+24	1903.7090726506235
4.10804060827821e+24	68.78174209525201
4.0936873525968263e+24	-1.3449175603521684
4.0797583399045516e+24	-1.513051027285952
4.066252962745083e+24	-0.9896816414344944
4.053171228362289e+24	8.89613056260239
4.040411763932809e+24	13226.371761134696
4.027760853057324e+24	-3.1048814771912596
4.015527536505739e+24	1258.8494500746742
4.0041007464259714e+24	58.28748302233441
3.9933220440111903e+24	-1.31764967722034
3.983232404099289e+24	199999.6938936741
3.975594068528783e+24	3204.2139631042137
3.9662186193535025e+24	199999.8841810178
3.962147255158098e+24	6.631493542955826
3.960294066341193e+24	-0.29847667134768263
3.958768380689868e+24	-0.909380419207559
3.9574962152946656e+24	105579.70129250397
3.9561934060883313e+24	-1.565029309925121
3.955203182056626e+24	-0.10179447314365644
3.954549102570528e+24	-0.02700068427121307
3.9542311663858404e+24	-0.018348267153579095
3.954249373587331e+24	-0.01662053033454062
3.9546037243183014e+24	-0.015884331389134247
3.9552942187260065e+24	-0.01563316833507772
3.956320856957839e+24	-0.015670301836760367
3.957683639161493e+24	-0.01570756848982061
3.9593825654832453e+24	-0.015744968889665537
3.9614176360693e+24	-0.015782503634808372
3.963788851065473e+24	-0.015820173327112996
3.9664962106176354e+24	-0.01585797857182124
3.969539714871808e+24	-0.015895919977562532
3.972919363973272e+24	-0.0163122899517054
3.976635158067582e+24	-0.017352192023434784
3.9806870972927997e+24	-0.023208990028612816
3.9850751817314855e+24	-0.0864459342067182
3.9897994101842636e+24	-1.8925305623104969
3.9948982431655624e+24	199999.9838735377
4.0005834642853e+24	-1.9966571541049825
4.0065605223182484e+24	-0.09377669569998642
4.0127765934049444e+24	-0.023945311351392596
4.019231708124669e+24	-0.018585453443007337
4.02592225814735e+24	-0.020543094369983
4.0328509965853355e+24	-0.04884428413606677
4.040018774148582e+24	-0.7008170320742817
4.047429101734224e+24	45615.96180472393
4.055349551545372e+24	43.92584692691503
4.063733896284932e+24	-0.2065144886191557
4.072454373738211e+24	-0.030628775289995053
4.0815109771636564e+24	-0.018884333537803243
4.090903706883532e+24	-0.0172091870184943
4.100632563062203e+24	-0.01668430969401978
4.1106975458512654e+24	-0.016725257229589976
4.121098655400447e+24	-0.01676635520823047
4.1318358918591495e+24	-0.016807604321989973
4.142909255376836e+24	-0.016849005266787596
4.1543187461031064e+24	-0.016890558742532525
4.1660643641876943e+24	-0.016932265453229848
4.1781461097804823e+24	-0.01697412610691119
4.190563983031495e+24	-0.017016141415552362
4.203317984090924e+24	-0.01705831209519733
4.2164081131090004e+24	-0.01710063886599987
4.2298343702351005e+24	-0.01955661175095452
4.243596755565119e+24	-0.2982112677984907
4.257722432437633e+24	199999.982771437
4.272136047549226e+24	-0.08229732853837288
4.2868739096080583e+24	-0.01850458524968637
4.301946231277572e+24	-0.017357918258374502
4.3173530127047715e+24	-0.017401358182442025
4.3330942540401255e+24	-0.017444960110151092
4.349169955434212e+24	-0.017488724799830234
4.3655801170377346e+24	-0.017532653014299803
4.382324739001511e+24	-0.01757674552081469
4.399403821476544e+24	-0.017621003090946066
4.416817364613981e+24	-0.01766542650089483
4.434565368565053e+24	-0.01771001653139806
4.4526478334809883e+24	-0.017754773967577967
4.471064759512487e+24	-0.018604075532253163
4.4898161468066167e+24	-0.021932515545023137
4.508901995477692e+24	-0.056033073173650055
4.528322304885853e+24	-1.1827854101546609
4.548102601515835e+24	199999.9820189
4.5685059302075123e+24	0.2708014839799644
4.589223851204658e+24	-0.11149577124072241
4.610147752656887e+24	-0.025615128975185253
4.6312773603568545e+24	-0.020441663492462174
4.652607715395997e+24	-0.022602343463211265
4.674142597387046e+24	-0.059583355351733785
4.6958834966786305e+24	-1.3216074720934214
4.717859405498866e+24	199999.98164777967
4.740427198162796e+24	-1.0150346872106846
4.7634245818938047e+24	-0.10385340634317472
4.786756413097522e+24	-0.025561469205108565
4.8104226939847274e+24	-0.020132478047814588
4.8344234247948426e+24	-0.02078486867108202
4.858758605678446e+24	-0.03590996597817026
4.883428236535998e+24	-0.580113837143708
4.90844260342534e+24	199999.98126520836
4.934017683553616e+24	120.62392147159395
4.96006014708544e+24	-0.13537291958041048
4.986442312846641e+24	-0.03836605117484833
5.013164168832011e+24	-0.18105843138631356
5.040225745553211e+24	12.504967714586119
5.064910515227161e+24	109993.13684113952
5.082484698324701e+24	-0.8953784375527416
5.100065709759147e+24	-0.059293824493827155
5.117936828614463e+24	-0.026937307943822947
5.136098039586644e+24	-0.03900243576048371
5.154549339060305e+24	-0.2959275079904414
5.173291117965538e+24	268.87975866293874
5.194980977507528e+24	5558.810021984151
5.220907888334709e+24	-1.5268833759775597
5.247235600879664e+24	199999.95716768186
5.275441342288113e+24	4.056103541237161
5.304536026857604e+24	-0.16003345815229594
5.331601216126324e+24	-0.04176197655434173
5.348223694517874e+24	-0.07370622372848301
5.365138617546913e+24	-0.18831736679874944
5.382345973633702e+24	-1.223067758951222
5.399936078203649e+24	76969.31494488016
5.422192291073308e+24	36.22264470260468
5.446916534401226e+24	4709.79686300302
5.472634393104346e+24	37.99141428278174
5.498844171281494e+24	-1.8696255581549066
5.525428593198585e+24	-0.807479697304129
5.552387368567794e+24	-1.1896691905649652
5.579720448052093e+24	-0.511315970350662
5.607447193286398e+24	1147.5809205782382
5.636936014602174e+24	253.52813936431366
5.66774673460153e+24	-2.2673363595408067
5.698927282961439e+24	196350.3356740431
5.730023914212156e+24	7521.3715693073555
5.76107914084082e+24	-0.267495926076501
5.792488887390903e+24	-0.058468068122103124
5.824254489639707e+24	-0.03585708785086472
5.85637594960726e+24	-0.02871631897666085
5.888853268149056e+24	-0.026542294400328206
