1
0.9857653061224491
0.9576413176604934
0.9163491223541828
0.8626618135129404
0.7975217634774283
0.7220305183102391
0.6374387054768944
0.545135954649553
0.4466408317654299
0.3435907864715268
0.23773211308687367
0.13090992521307487
0.025058144123550896
-0.07781049893854113
-0.17561444642413232
-0.2662132839746455
-0.3474176956222206
-0.41699940456541706
-0.47270109939246263
-0.5122463456245291
-0.5333494824519337
-0.5337255045365833
-0.5110999287543903
-0.4632186457518163
-0.38785775619111473
-0.2828333915592679
-0.14601151941603702
0.02468226704303242
0.23125297523238234
0.475626455354295
0.7596396586317041
1.0850309117184136
1.4534302074087375
1.8663495117681514
2.325173087806104
2.8311478358117115
3.3853736504726135
3.9887937948968464
4.642185291657133
5.346149330976567
6.101101696174233
6.9072632064888255
7.7646501773979475
8.673064898550276
9.632086129427366
10.641059612851395
11.69908860645474
12.805024432226805
13.957457044253031
15.15470561476071
16.394809138585572
17.67551705617284
18.99427989522586
20.34823993111515
21.734221866159945
23.148723527894195
24.587906586428314
26.047587291017575
27.52322722594757
29.009924085846723
30.502402470535422
31.995004699520692
33.48168164624517
34.95598359219836
36.411051100997895
37.8396059125481
39.23394185738233
40.58591579129561
41.88693855037333
43.127965926521114
44.299489663601015
45.39152847427823
46.3936190776823
47.29480725798627
48.08363894400678
48.74815130992751
49.275863897248115
49.65376975806018
49.86832661975108
49.905448071236684
49.7504947708227
49.388265675794436
48.80298929383424
47.97831495636505
46.897304113918445
45.54242165362492
43.89552723892347
41.937866671587315
39.65006327616216
37.01210930691253
34.00335737737165
30.602511912589627
26.787620624174284
22.536066008218427
17.82455686620697
12.629119848996702
6.925091023961148
0.6871074653923165
-6.1109011317491975
-13.495720814644898
-21.494861711899436
-30.136566349202113
-39.449817941279456
-49.46434866004979
-60.21064787889162
-71.71997039293765
-84.02434461530713
-97.1565807491895
-111.15027893569301
-126.03983737737211
-141.86046043734856
-158.64816671394078
-176.43979709071755
-195.27302276189164
-215.18635323297
-236.21914429657784
-258.41160598337393
-281.8048104879747
-306.44070006980695
-332.36209492880675
-359.6127010558848
-388.2371180580791
-418.2808469583127
-449.790297969682
-482.8127982441928
-517.3965995958685
-553.5908861981532
-591.4457822555313
-631.0123596492888
-672.3426455573388
-715.4896300480372
-760.507273647913
-807.4505148832393
-856.3752777953695
-907.3384794297679
-960.3980372986599
-1015.612876817231
-1073.0429387133
-1132.749186410398
-1194.793613384181
-1259.2392504921086
-1326.1501732763097
-1395.5915092395805
-1467.6294450944338
-1542.3312339851352
-1619.7652026826609
-1700.000758752508
-1783.1083976952887
-1869.1597100600443
-1958.2273885302145
-2050.385234982194
-2145.70816751641
-2244.272227460866
-2346.154586347076
-2451.433552858334
-2560.188579750251
-2672.5002707435024
-2788.4503873887247
-2908.121855903489
-3031.5987739813067
-3158.966417572598
-3290.3112476375645
-3425.7209168709082
-3565.2842763983394
-3709.091382444811
-3857.233502974427
-4009.803124301969
-4166.893957675972
-4328.600945833318
-4495.020269525259
-4666.249354014845
-4842.386875545688
-5023.532767782001
-5209.788228219884
-5401.255724569772
-5598.039001110013
-5800.243085011527
-6007.97429263348
-6221.340235789926
-6440.4498279873815
-6665.4132906332625
-6896.342159215145
-7133.3492894508
-7376.548863408955
-7626.056395600734
-7881.988739041716
-8144.464091284601
-8413.602000422386
-8689.523371062049
-8972.350470268682
-9262.206933480014
-9559.2177703913
-9863.509370810523
-10175.209510483865
-10494.44735689141
-10821.353475013035
-11156.059833064432
-11498.699808203257
-11849.408192205323
-12208.32119711083
-12575.576460840568
-12951.313052782072
-13335.671479345678
-13728.793689490458
-14130.82308021998
-14541.904502047846
-14962.184264433028
-15391.810141184882
-15830.931375837878
-16279.698686995967
-16738.26427364657
-17206.78182044416
-17685.40650296338
-18174.294992921663
-18673.60546337139
-19183.497593861455
-19704.132575568252
-20235.673116396083
-20778.283446046902
-21332.129321059405
-21897.3780298174
-22474.198397527474
-23062.760791165907
-23663.237124394756
-24275.800862447195
-24900.627026981983
-25537.89220090706
-26187.774533172265
-26850.45374353115
-27526.111127271848
-28214.92955991696
-28917.093501892487
-29632.789003165726
-30362.203707852143
-31105.52685879119
-31862.94930209104
-32634.66349164226
-33420.86349360028
-34221.74499083682
-35037.505287360116
-35868.34331270396
-36714.45962628552
-37576.05642173204
-38453.33753117619
-39346.508429520254
-40255.776238668994
-41181.34973173129
-42123.439337190415
-43082.25714304305
-44058.016900906936
-45050.93403009722
-46061.2256216714
-47089.11044244295
-48134.808938963484
-49198.54324147365
-50280.537167822484
-51381.01622735547
-52500.207624771036
-53638.34026394577
-54795.644751728025
-55972.35340170019
-57168.70023790944
-58384.920998567046
-59621.253139716115
-60877.93583886797
-62155.20999860692
-63453.318250163604
-64772.50495695676
-66113.01621810357
-67475.09987189835
-68859.00549925987
-70264.98442714705
-71693.28973194309
-73144.17624280821
-74617.90054500077
-76114.72098316668
-77634.89766459768
-79178.69246245762
-80746.36901897755
-82338.19274861908
-83954.43084120624
-85595.35226502582
-87261.22776989618
-88952.32989020445
-90668.93294791221
-92411.3130555298
-94179.74811905884
-95974.51784090346
-97795.90372274978
-99644.1890684141
-101519.65898665936
-103422.60039398036
-105353.3020173572
-107312.05439697734
-109299.14988892626
-111314.88266784648
-113359.54872956526
-115433.44589369063
-117536.87380617633
-119670.13394185482
-121833.52960693925
-124027.36594149383
-126251.94992187277
-128507.59036312794
-130794.59792138494
-133113.28509618805
-135463.9662328135
-137846.9575245516
-140262.5770149576
-142711.14460007098
-145192.98203060354
-147708.41291409614
-150257.76271704448
-152841.35876699287
-155459.5302545977
-158112.60823565887
-160800.9256331205
-163524.81723904013
-166284.61971652688
-169080.67160164856
-171913.31330530733
-174782.8871150845
-177689.73719705408
-180634.20959756535
-183616.65224499415
-186637.41495146343
-189696.84941453254
-192795.30921885566
-195933.14983780895
-199110.72863508732
-202328.4048662696
-205586.53968035325
-208885.4961212581
-212225.63912929897
-215607.33554262787
-219030.95409864496
-222496.86543537912
-226005.44209283736
-229557.05851432384
-233152.091047728
-236790.91794678205
-240473.9193722877
-244201.47739331255
-247973.97598835555
-251791.80104648203
-255655.34036842833
-259564.98366767567
-263521.1225714937
-267524.15062195354
-271574.46327691054
-275672.4579109563
-279818.5338163409
-284013.09220386425
-288256.53620373725
-292549.2708664135
-296891.7031633893
-301284.2419879746
-305727.29815603385
-310221.2844066957
-314766.61540303373
-319363.70773271675
-324012.97990862856
-328714.85236945853
-333469.7474802619
-338278.0895329902
-343140.3047469914
-348056.82126948115
-353028.0691759836
-358054.48047074216
-363136.4890871014
-368274.53088785877
-373469.04366558656
-378720.4671429248
-384029.2429728439
-389395.8147388783
-394820.6279553307
-400304.1300674467
-405846.7704515595
-411449.0004152066
-417111.27319721563
-422834.04396776226
-428617.7698283982
-434462.90981204977
-440369.9248829882
-446339.2779367705
-452371.43380015064
-458466.8592309628
-464626.0229179749
-470849.39548071363
-477137.4494692604
-483490.65936401894
-489909.50157545327
-496394.4544437979
-502945.99823873886
-509564.6151590664
-516250.7893322986
-523005.00681427715
-529827.7555887343
-536719.5255668311
-543680.8085866685
-550712.0984127683
-557813.8907355272
-564986.6831706424
-572230.9752585085
-579547.2684635873
-586936.0661737485
-594397.8736995828
-601933.198273687
-609542.549049922
-617226.4371026413
-624985.3754258933
-632819.8789325949
-640730.4644536781
-648717.6507372085
-656781.9584474759
-664923.9101640586
-673144.030380859
-681442.8455051125
-689820.8838563688
-698278.6756654462
-706816.7530733577
-715435.6501302118
-724135.9027940845
-732918.0489298645
-741782.6283080721
-750730.1826036507
-759761.2553947315
-768876.3921613715
-778076.1402842643
-787361.0490434249
-796731.6696168474
-806188.5550791362
-815732.2604001104
-825363.3424433825
-835082.3599649101
-844889.8736115213
-854786.445919414
-864772.641312629
-874849.0261014971
-885016.16848106
-895274.6385294644
-905625.0082063315
-916067.8513510998
-926603.7436813426
-937233.2627910585
-947956.9881489382
-958775.5010966037
-969689.3848468238
-980699.2244817017
-991805.60695084
-1003009.1210694782
-1014310.3575166056
-1025709.9088330494
-1037208.3694195367
-1048806.3355347326
-1060504.4052932516
-1072303.1786636466
-1084203.25746637
-1096205.2453717121
-1108309.747897714
-1120517.3724080557
-1132828.7281099209
-1145244.4260518341
-1157765.0791214772
-1170391.302043478
-1183123.711377178
-1195962.9255143728
-1208909.5646770298
-1221964.2509149823
-1235127.6081035973
-1248400.2619414222
-1261782.8399478055
-1275275.9714604951
-1288880.287633211
-1302596.421433196
-1316425.007638743
-1330366.682836696
-1344422.0854199324
-1358591.8555848163
-1372876.6353286335
-1387277.068446999
-1401793.800531245
-1416427.4789657837
-1431178.7529254477
-1446048.2733728066
-1461036.6930554619
-1476144.6665033188
-1491372.8500258352
-1506721.9017092474
-1522192.481413774
-1537785.2507707977
-1553500.8731800232
-1569340.013806614
-1585303.3395783068
-1601391.5191825035
-1617605.223063341
-1633945.1234187388
-1650411.8941974256
-1667006.2110959424
-1683728.751555626
3030756858996285
0.031849174180902017
0.03022948305276764
0.028201080611424217
0.025798782767651067
0.023062249424965375
0.020035348709675688
0.016765470165894775
0.013302797456083662
0.009699551535611512
0.006009215534923087
0.0022857526837455947
-0.001417171450754299
-0.005046951362607704
-0.008552777970540236
-0.0118863387987803
-0.015002472489491502
-0.01785976894905695
-0.020421107331356363
-0.022654125060603554
-0.024531612178567162
-0.026031826449437474
-0.027138725852874815
-0.027842116324079125
-0.0281377138410651
-0.028027121195793207
-0.02751772099979958
-0.026622487649465863
