0.0006375909220924125
0.06586204215616995
0.029980516598383605
0.09256799415429617
0.09109157995521557
0.11447238088333035
0.0507340368858039
0.00579202244171686
0.13748835074275453
0.08032597252473497
0.04325668168557244
0.11482096280653215
0.02312902001151076
0.1603539736808038
0.01853943568994073
0.05047446739614197
0.001288718972242878
0.10295746354557327
0.06206216572483421
0.009142336125527685
0.03126549669363963
0.005384496018501629
0.038442935866774545
0.041222871466498646
0.012477120398239294
0.06747313828545251
0.07726801651384538
0.14904142351311217
0.17659879745277274
0.02013540466155754
0.11675525755276078
0.025661281712661646
0.05200128706104398
0.10933683939879868
0.03342303278049645
0.0022035994341270764
0.003413738536898669
0.003047665739047574
0.027995779894866808
0.004178776966869295
0.011083815956513178
0.19238486061917842
0.03398649492896937
0.22979833159619634
0.05611435637780645
0.04173487525272059
0.003407873645793819
0.040255433797740055
0.05566791175899435
0.05775536323718393
0.01277991213648002
0.01858007207052437
0.10652432282605506
0.0397042161746665
0.006375477172539808
0.030942741603944866
0.00874499024813047
0.1369276235098642
0.0830493860061359
0.006557309403861183
0.027761328351741905
0.05591353462421747
0.10241261660175208
0.04736182489859998
0.097115960590832
0.0486273782260725
0.01230891381574184
0.01958766098507583
0.07541822512673928
0.17645817309286524
0.005095569196630318
3.0254199898414128e-05
0.05119255979645665
0.11183776020141159
0.004561241082044835
0.23981788139886506
0.26208945403080386
0.0878452116333182
0.007977706720817506
0.13581753414609699
0.013305770199439454
0.15469644305116947
0.08273821532210685
0.06478949159518332
0.02165791371843821
0.029295778863419136
0.022393008258528153
0.2799376333084171
0.01986039133464121
0.0064346589110640205
0.0007930724735072918
0.09318924938050452
0.03045364281317063
0.02029071387034666
0.022589362045742238
0.013569062657980914
0.04218759706821311
0.13890868274501822
0.15592304471086055
0.0810499892414314
0.11962635172498864
0.05422991893339637
0.027750456738600743
0.009362541516736073
0.015035475434300382
0.04221696926357442
0.09529045006997434
0.01009043547951141
0.026918485157331147
0.03428062471693776
0.062230936878243624
0.0007718071637271323
0.12064088949416761
0.007952383532576924
0.010189584794473334
0.04499059409189539
0.052149969618591085
0.009700314341540568
0.009227416217692913
0.014064683877470032
0.027837969149856805
0.03841477943273734
0.02713382563010502
0.06531700127853059
0.04824584601269569
0.030304365622537098
0.07049962606552398
0.010435320441530737
0.18197737299069816
0.08476942646241073
0.032308178441443944
0.004415634109243186
0.020237787977270303
0.04044916578448255
0.04348068799923966
0.09998677372169848
0.026846455216513992
0.015094026744917777
0.15579507105374762
0.05182910024139311
0.03582495730061742
0.061340129726477934
0.002707970229794289
0.008946714619308106
0.032151625576174576
0.06957223367293763
0.07507639690335645
0.12702195603635297
0.058057961866729374
0.0563016443222624
0.10184983627779255
0.01042163207844978
0.04017642865795939
0.02343738077341314
0.03797940525928803
0.009489170634964548
0.012855140831055958
0.009010795353818074
0.0055203234743643375
0.029021215215907288
0.1814227863082511
0.06980227088875686
0.012165049667637842
0.001745010892322603
0.15072857759719707
0.0494452270333181
0.024046405886655346
0.01636143431735121
0.2382298227262446
0.006578443516724554
0.027638140744493042
0.09016025781299918
0.09364328667519936
0.14538489085038137
0.02749711645850684
0.06722755116254653
0.0013307692366997716
0.09429458418477621
0.011455948311466894
0.13331794127986307
0.09082938302903945
0.015062936340328192
0.040538876933171486
0.16913695634135817
0.12566157612330572
0.16458553733756334
0.0273053949444241
0.03607239704205017
0.0882078428990738
0.06425030761397123
0.03883520641077748
0.008380292138897075
0.04674242290140239
0.23874057568186885
0.08280457165389588
0.010903074091533429
0.012733520808236008
0.16503559721361394
0.03081796449656698
0.0029228362692308965
0.11206243994834099
0.04748515570225699
0.012842002891662894
0.022605636399900313
0.07166548301611939
0.10275014614036333
0.02424016577434779
0.08020884193937453
0.03597707262678173
0.0646619420975014
0.0691523093597596
0.06368247622526317
0.0387923801666853
0.0011944652411151036
0.06301750524371966
0.10943801870383436
0.08189075332748294
0.15893754956359288
0.07568401391023923
0.04136419884031927
0.009258704443199038
0.16922479035704918
0.03441640451781143
0.057531423930092015
0.040087543459503494
0.03127691376720336
0.04030144989778533
0.009555616262393492
0.023412742081908293
0.055409015695750095
0.03428399940856329
0.08756836580884204
0.14664245047999352
0.05843964156586054
0.025867663547474905
0.06520498949287386
0.07314321739907842
0.04810127238372228
0.056579157473813896
0.20486686515586633
0.028410076704076772
0.019141917100953573
0.02960371764875181
0.055306959967137234
0.05810707688922628
0.03517728992009054
0.04003606468331518
0.08925696411057381
0.00978952056890352
0.0010584868106692995
0.022457187385461576
0.03663814125554207
0.08712783215297991
0.07566075427884364
0.012624498106371722
0.02788451313521712
0.08070544598644093
0.049753480609313186
0.029660847441981206
0.01806508135867447
0.04492102538992302
0.00269575457674653
0.17339555855888875
0.044484392946241014
0.003657930511471043
0.07458614289117461
0.1616641509972694
0.07354200490260854
0.036922305935128866
0.026569025404452166
0.04136920738725275
0.01735307005211703
0.10503147827469207
0.038647502137548057
0.034649766118978825
0.006312894599276258
0.02924192461597834
0.0189217211766344
0.02197839490339811
0.11650321406744434
0.07685052544567397
0.12131308969112366
0.028021221029341965
0.2664984528063695
0.011793052042177
0.215677546543531
0.06631288170784361
0.06446486859727615
0.045449673226069326
0.1672256060004411
0.052163435549951474
0.02062235389018282
0.019181443845317656
0.24432800273662542
0.15893103300022582
0.09024405660462645
0.036107648182217206
0.00563728175136057
0.024944467912286803
0.048489389893187504
0.03247692372924038
0.04501552643090172
0.14884449739860708
0.04748542049491747
0.13598811228591137
0.043323492740158114
0.03763691719932439
0.04208663082189153
0.0012131514515568349
0.020159248048939583
0.04514203173489171
0.05496178158308307
0.033467829641437186
0.11330370426418997
0.17153435375433482
0.04816609284383465
0.0917858471050935
0.09329854153057998
0.055930018383021654
0.014123205248720114
0.02386718416908574
0.007037260004694001
0.06677936287964543
0.10804849922762137
0.04865162310177944
0.032487230321292956
0.009981215394687586
0.01268784960553868
0.05759301314668862
0.04501353092995926
0.06914850097383426
0.037967772642908765
0.011504203241053267
0.047236178289053354
0.034375772628411315
0.07397856695894028
0.06852702286211299
0.058906306172518554
0.05629441897259826
0.026701357390153554
0.10768370727033008
0.006760900436130366
0.1284240684839978
0.05199367090070619
0.04984690826127123
0.024975502884139345
0.004219267280052324
0.07164136532486547
0.054515410892195304
0.06477298551371931
0.02494574290802598
0.0076844382820715545
0.04905091679975351
0.12197560158470379
0.00992904764652863
0.04606770779105417
0.08493469422499034
0.013147904279547585
0.009321343631001195
0.020974864534560853
0.004021309416548894
0.11378426880316855
0.08271077838508323
0.07998886073611125
0.038267511343026486
0.006024145872883359
0.15934092939032835
0.03997000163246391
0.11054083583478788
0.07491114561115114
0.043435893280649174
0.0031993153151705
0.006199507935484912
0.0019154889156167698
0.17566613286098948
0.024834593399207804
0.1874689834542561
0.03020497842977166
0.009997405926934913
0.06012365707822056
0.03961942413440899
0.09189302029856063
0.057000834918454195
0.03757294188420801
0.05044785658726861
0.009847146209193344
0.03570156289682771
0.024373959594062907
0.010425218132450505
0.09855478699631554
0.023117027074322442
0.07324266616888356
0.06565153518542839
0.16890267597972206
0.16892336226293536
0.010613012436348207
0.038771650226595455
0.09066234617865701
0.041491781070592114
0.03343996595345038
0.044423296029182255
0.03321595859645525
0.014641433416308051
0.02389220908415154
0.0005478059532260666
0.02348671234587066
0.02615595898163722
0.051047579077144856
0.016410121746860542
0.05895116391263878
0.2168284598675586
0.25455928030247454
0.008762226266481729
0.022224785176460694
0.029176409280515212
0.15294845058569517
0.08418218832182071
0.026782484767343063
0.0951156539683412
0.05781600912940547
0.028991065777062813
0.055653105836756186
0.03484166874706829
0.023291897795851058
0.062344128372978716
0.0636083103455118
0.1339694560378427
0.018218771697553624
0.00647403328737315
0.05347796195302594
0.034647278671752615
0.03733618757861333
0.041497283104070554
0.013091581246215067
0.0006273128237291079
0.06781672348140755
0.044839127366139146
0.008287791385664744
0.027283430475728176
0.15004752701189555
0.11160626367379596
0.012655862108182736
0.04150280579587348
0.16686379593549963
0.03136911256515004
0.1835382947083649
0.27783286309716837
0.031017794230788858
0.12798260780339524
0.0417994612677086
0.14901355314327727
0.009489141995410955
0.026924010661304766
0.06062222534840957
0.0034872106261471802
0.0004702380542774779
0.09033330695806488
0.03761289386756329
0.0753842446285731
0.024074558045240023
0.046721320899687356
0.02464677176015594
0.041549545972312536
0.1102480280606606
0.06710101967379087
0.05764590437249682
0.11017813914068597
0.15728850056085522
0.010034259335132596
0.022829550994811387
0.0034692036955462045
0.14603839231443638
0.021907285002262425
0.005231231265393835
0.0629828195299228
0.13820550872210272
0.04801320924721558
0.14484347364533423
0.04421303086311183
0.08230563154712814
0.04994785600127044
0.15875599916612015
0.016851761872729982
0.020947429204174983
0.030406938295173047
0.0354784663867742
0.02813841594944507
0.029538128725456456
0.07900278259093056
0.018821755661573313
0.012021913154670778
0.022656869263327238
0.1172794651441958
0.014487624159929038
0.05227838192726814
0.006553016738723471
0.23654329057388507
0.037433639674667826
0.24814658208803375
0.14491486987713192
0.027518819622288002
