9.28488229178799e-05
0.00012870694812667735
0.0006057768105022891
0.0017350174543548657
0.0017562651450747416
0.0019629070315871017
0.0021123776820934042
0.0021234935894829353
0.00319312175995287
0.003379460143863447
0.0038378088911864006
0.003999423492394991
0.004289219594712099
0.004636212396950872
0.005082795473593069
0.0051643521733893225
0.005668749096086221
0.005769927340603099
0.005904984258794278
0.006026595960629089
0.006457073780838518
0.0067019390045674875
0.007889602913247555
0.008232697041252514
0.01054934010896968
0.011156133626557384
0.011160864381529311
0.011888157641008857
0.013331067269456716
0.013613928661634618
0.01400864396608284
0.014294234670567244
0.014645683116314836
0.015187264473009578
0.016589843784728487
0.01708298708883038
0.01708316723304101
0.017838539598967324
0.018594452473639063
0.018832129000677433
0.019661036458858454
0.020108565867798883
0.020360070373330576
0.022194934770367047
0.023176913652974914
0.02366756051327476
0.026432759737961675
0.02924000905138401
0.031953688939435794
0.03195961825476535
0.032174215399310695
0.03293692161655041
0.034184961903599605
0.03610396673129257
0.03416747055212847
0.036188768296016464
0.03759277285543826
0.037728507153905286
0.03858545885622231
0.03899234409848208
0.0395616927059393
0.04050634220700615
0.041653486581122806
0.04164745628870041
0.04277895993072806
0.04366478556360036
0.04428478730726197
0.04433110311765992
0.046435659781123934
0.046653048090935
0.04910648036945907
0.049163135407388134
0.05035824204913227
0.05073815020574666
0.0512824354603221
0.04406611644994667
0.05213548425962573
0.05239792279017065
0.053932990177669955
0.05524217766209315
0.05546922026487411
0.05621353683131869
0.05667837234081485
0.05793922940785435
0.057964953999990715
0.05855591437605094
0.05878809801808893
0.06073315364183411
0.06542420799338096
0.06648335304772865
0.06648368112773509
0.06780851618902789
0.06840928610384192
0.07010733138328613
0.07033357161774492
0.07160805201762906
0.07212328895085392
0.07363831546424279
0.07369846046862298
0.07516656743766757
0.07704905531656137
0.07809666405941303
0.07919132692260257
0.07942030365265677
0.07977713221156724
0.08000198174828976
0.08144147441984165
0.08303134894766634
0.08369909916995409
0.0866253447271177
0.08950352245887705
0.0897533097755663
0.09034871201234847
0.092422927958148
0.09323712733850115
0.09348425477213443
0.09494545637931759
0.09760111813791214
0.09843622507993117
0.09868967463313205
0.09906050920163817
0.09980925250706447
0.10169379722665536
0.1018723718255381
0.10268360836630948
0.10402473311552664
0.10510490899625194
0.10488506712015286
0.10521898271253283
0.10649099696013867
0.10724964311379048
0.1079119557595333
0.10852250942062595
0.10932433184609514
0.11125999099608705
0.11147848527106849
0.11163388164382819
0.11367455704797086
0.11406327695283953
0.11436938489128265
0.11468296100876227
0.11528366283399433
0.1173646178032739
0.11828993910151005
0.11894934220925636
0.12109677466813071
0.12178764552321523
0.12198918991034013
0.1254047433261931
0.1260869378469985
0.12614391066353203
0.12624852135125184
0.1263862225131068
0.12648978282802925
0.12706232197287948
0.12994104152157568
0.13133314852535338
0.13217433800969336
0.1328979140048007
0.13490477871840018
0.1349219490080671
0.1350240861395497
0.13738650557408225
0.13772535104156203
0.13853953215131584
0.14062915165430853
0.1415383375073297
0.14268122099392977
0.14294329291097468
0.14308880870786944
0.14314823815755512
0.14352827597012022
0.14405409231643268
0.14661343780317818
0.14957879110508432
0.1510001551265308
0.15195405681078356
0.1522086693686983
0.1522627922671162
0.15229483806613192
0.15241729894483108
0.15271772628382466
0.15452622495611532
0.15543583153395082
0.15544322262274146
0.1556206134685697
0.15566566564476358
0.15642253920510685
0.15712342382820083
0.1578212842615344
0.15857679426474647
0.1601393475247699
0.1615399652301751
0.16190718103490234
0.1638868344666782
0.1650388814883386
0.1671689512906634
0.16810245056157047
0.16892390538663632
0.17046490278655085
0.17221371131910773
0.17265619163867205
0.17306589566163105
0.1737075860803845
0.1750973485693014
0.17609681821551618
0.17769644745383456
0.17789947743908133
0.17984179323388386
0.18063638132336599
0.1819723283741461
0.18323570058260846
0.1847470903213334
0.18610699987908058
0.18798337169900475
0.18820976700675274
0.18960499222672555
0.19071694340570033
0.1919269376005724
0.19396889939547252
0.19468149251761965
0.19512119618127785
0.1960780422844637
0.1963417453963238
0.19719881089459565
0.1990104676031208
0.1999920031082075
0.20159016976642274
0.20346748327106096
0.2055049649204696
0.21077000329121268
0.211105972148407
0.21316816741796388
0.21651804592174892
0.21702099281390197
0.21729657358164584
0.2192673865047769
0.21959292643521505
0.22033638879821887
0.22094142380110132
0.2212495816836061
0.22144677615175287
0.22220464523553027
0.22239891156132074
0.22357112032581034
0.22370470690867306
0.22774408951029432
0.23045746067242215
0.23152356794060897
0.23183402062211764
0.2344645674740413
0.23517156878515888
0.23601783998672013
0.2365375156008879
0.23667900363031952
0.23731340237025234
0.23815144484795797
0.23815830433538154
0.23831155962569375
0.23841776979554713
0.23882765533496308
0.23912692781459338
0.239185110564213
0.241820677081425
0.2421497199117409
0.24357644088048794
0.2446225616883234
0.24465863412948125
0.246067082311604
0.2461275150738426
0.24616659944379615
0.24654653835873228
0.24666079876201152
0.24782851848959753
0.24826871904326453
0.24867498651089107
0.2490966999484616
0.25022308838291507
0.25082014608134906
0.2531400019262414
0.25326184736354596
0.25393440613020885
0.25495810102829003
0.25561483972120985
0.255684211765685
0.2557681941460108
0.2559548869694185
0.2567455786068937
0.2570184483230602
0.25761159901578495
0.25779671748896593
0.25931378160593477
0.2607466677082115
0.2621274570844027
0.2647821240464754
0.26629539956487264
0.26811899401121836
0.2684852875157276
0.2691614512756698
0.27021936124098905
0.2710144407887045
0.2718636990845132
0.27363659809126045
0.27437144636033994
0.27438618690070943
0.27588198906557043
0.2763992462070869
0.2767294763788778
0.2770848782711845
0.2775792760184211
0.2788800719637423
0.2790920268399708
0.27958206542262287
0.2802268793312736
0.2821439634614121
0.28255904114421826
0.2836316361967535
0.28491184282903065
0.2868339479258899
0.2877064119022011
0.2909345744741081
0.29184715603884714
0.29274117410518397
0.29288095780506607
0.29339122899578696
0.2938811072218799
0.2960207690163106
0.29740408831413057
0.2984043951825524
0.29963409501064975
0.29965575796702837
0.29976786817392154
0.3003123198500138
0.30038631774437885
0.3019520929825572
0.30200301251601624
0.30382968515542486
0.30509580083867727
0.30648773331293516
0.30766813943687943
0.31031959068952714
0.311676070497384
0.3121153175591369
0.316451664769266
0.31809192490631283
0.32119979455371905
0.3221239030510653
0.32233291802776187
0.3242609928437703
0.32487341560967004
0.3250022866848949
0.32666118714335096
0.32724421671302195
0.3286631546587118
0.32894906205979246
0.3290709016535528
0.3309011442050505
0.33340053987400686
0.3338019688779122
0.334141544553343
0.33467712063619304
0.3352938502659317
0.3369394255553223
0.3374370403531082
0.3381314786367584
0.3389760390344293
0.3401503100643647
0.3411346020524217
0.3417366453592684
0.3444379310996206
0.34528286029344163
0.3468299703839232
0.34724651542084256
0.3473241935660526
0.3507240196038151
0.3518423001990577
0.35264785354716505
0.35398512014923234
0.35532401586371437
0.35539199500547797
0.3562290285328437
0.3584809384840468
0.35857191137791916
0.3601448906706964
0.36166000649867436
0.36238408577558306
0.3650383630253631
0.36506245889614053
0.3660641164771011
0.36621857453837137
0.3666100654625944
0.3668528401563092
0.36842221492600835
0.369376079913858
0.3695213568400196
0.36994059189835693
0.3711978295647078
0.3713520885323994
0.3718068775533021
0.3724069624158749
0.373636106974141
0.37515616895506737
0.3768347251265708
0.37714064504979933
0.37735611315536827
0.3796697633873107
0.37989267191216847
0.38198031144295125
0.3822434087526289
0.38228306457783773
0.3843618603735584
0.3872436933634853
0.38794834606004586
0.3911015486215067
0.39210583916115466
0.3933348262109534
0.3939038489114066
0.39508320135318814
0.3953218499303261
0.3965996151506814
0.3968722338559232
0.3968868030431614
0.3969179163369137
0.39819298499187405
0.39953927697339864
0.40112366442523645
0.39535035527535567
0.4026041376528517
0.40352935919951266
0.4036980460945079
0.40378258014981405
0.4052511635515991
0.40622717952854703
0.4087568752481162
0.4090955616107223
0.4093723881626539
0.40937321728537573
0.4098129018058109
0.4100995448366855
0.4117574800760202
0.41275392351665924
0.41603643467865586
0.41662287441988066
0.41944629902794406
0.41991005165502027
0.42064626603445576
0.421799023966191
0.4227922639147204
0.42379716273612905
0.42508038759395733
0.42619864699952875
0.4267131834038988
0.4277272792647728
0.429012536941554
0.432464742475238
0.4325610880988935
0.4329917620722993
0.43509514629245855
0.4354105765983474
0.43746323124023634
0.437875239770139
0.43801527787740857
0.43898069348861174
0.4390081301607249
0.43910084742732336
0.43954944426063614
0.4397631915451868
0.4405767260178173
0.4405910424341704
0.4423599108200347
0.4428927429072217
0.4435361574094647
0.4445502827334376
0.4447516540660227
0.4447568090232537
0.4447943032930954
0.44543343953065473
0.4465984924321266
0.44776654037167607
0.44784756879192283
0.4482220738978716
0.4503802005126817
0.4591483896846631
0.46050851499806095
0.46215410331826084
0.4623741434402671
0.46347452778660253
0.46350751445737104
0.4657909017266545
0.4665459048496427
0.4687440448079277
0.47220795692364825
0.4734160923869703
0.47367838999832435
0.47434660798299244
0.47536769439973703
0.4757574192030487
0.4770592584798302
0.47827821079841176
0.4795880728750975
0.4798694609452929
0.48022251399349086
0.4803577146830835
0.4831737754236078
0.48374683830696363
0.4850677923723508
0.48687476176428884
0.48765462309124913
0.4880915150809667
0.4886790426452124
0.48893577707785063
0.48965472007457833
0.48988428964620306
0.49004803708618305
0.4908524770405513
0.4911199473988047
0.49435146179241474
0.4948451714822124
0.49821182186843294
0.4986920071817684
0.5000262379180237
0.5002106615709283
0.5008485314374583
0.5008799249338391
0.5012807229090379
0.5014060809628278
0.5021141563693258
0.5026650124656967
0.5034717896926489
0.5039214767755356
0.5056312001773137
0.5058066308467492
0.5058317085735794
0.49650813711639236
0.5058584484852279
0.507412682895013
0.5074758056859248
0.5094572470993334
0.5103740448132235
0.5107001340198378
0.5114153531883628
0.5115206432539828
0.5116730864872083
0.5118615525106137
0.5150917174228978
0.5159443421629438
0.5162546475748983
0.5178241370545764
0.5183705327302296
0.5189553010299067
0.5191947573038499
0.520308449311017
0.5216644889465682
0.522776459295672
0.5242350062143436
0.5252211270472044
0.5257748394613787
0.5266142391072658
0.527710259234044
0.5294526118275101
0.5314779528369539
0.53247450936429
0.5335901955853197
0.5336682382684592
0.5339539801905998
0.5366940980249254
0.5376038118618006
0.5407178187584457
0.5437834831164289
0.5440285859771431
0.5482407673228017
0.5540754498701597
0.5550192345011485
0.550279280682192
0.5573187518357502
0.5578857934631652
0.5583100130298371
0.558845965460011
0.5595675280890563
0.5596155440028835
0.5597495755998892
0.5604340719772549
0.5611175740829869
0.5627316306795196
0.5309885034694077
0.5509536323946036
0.5665787186218125
0.567300475173236
0.5673088860001457
0.5675826973956705
0.5677740699787787
0.5702294806537649
0.5702458691787954
0.5709062005586956
0.574201081180968
0.5754273660551049
0.5755436951325167
0.5761218491595187
0.5766363872553095
0.5766692362934801
0.5789448193235831
0.5794197543586869
0.5799092631909578
0.5802317393352641
0.5803966437463435
0.582307619456298
0.5850724261120703
0.5864792184562683
0.5873848742471451
0.5878006700392552
0.5883561223449955
0.5884684001215668
0.5886924459513676
0.590384792769258
0.5907516355130787
0.5942069239173273
0.5957618493327156
0.5961015720268452
0.5966671098256049
0.5966719971660837
0.5992307913071738
0.599772123769305
0.5999553646711522
0.6004320516199435
0.6004365261494224
0.6006509655221335
0.6039337730209859
0.6050550702785302
0.6055827299088662
0.6062209225309049
0.6073888969798036
0.6092064771980941
0.6094093513461716
0.6112548809550343
0.5998739288023103
0.6113168509100496
0.614553347507296
0.6157209465044391
0.6157889453606158
0.6164992897579494
0.6286961340847563
0.6295118372311078
0.6298240381953091
0.6305339476642375
0.6319896804562488
0.6323694068553859
0.6325178262450267
0.63284708094194
0.6336221431836381
0.6337522642978134
0.6341995436087977
0.6343432717700141
0.6346935699536804
0.636032165844561
0.6362616992752024
0.6363267320269957
0.6370744501225186
0.6378722516005576
0.6381450705511647
0.6384927611936831
0.6387643313662287
0.6391258533477729
0.6397135239875752
0.6404334178200262
0.6427388623091735
0.645379333873943
0.6460423882222549
0.6461897221867946
0.6466397108523837
0.6470484681161709
0.6476429031872182
0.6479063866537411
0.648511190889498
0.6508772982759349
0.6512067501374686
0.6520571076268386
0.6528631440805858
0.6539425212532864
0.655028858931525
0.6550547223300416
0.6554173076937191
0.6579202528889243
0.658890197541609
0.6593831439573998
0.6601835421557596
0.6607844118539409
0.6619456638200895
0.6619957610885434
0.6621007886865115
0.6630895748877599
0.6632625899043606
0.6633096117915197
0.6637603336671375
0.6642615183255981
0.66479371124067
0.6658983037052095
0.6681441867852527
0.6698556835758923
0.6699777615023316
0.6714349010802051
0.6716487508466207
0.6719425239672568
0.6723009768304457
0.6775623759413434
0.6783865724036648
0.6793362425754548
0.6814094581126147
0.6821186086586905
0.6823187264798694
0.6825088421453057
0.6827330740889522
0.6827544019063376
0.6830587985686818
0.683560576971909
0.682488985238546
0.6859186403743646
0.685972169259213
0.6863505918540519
0.6909821918071174
0.6912316435125987
0.6931208471760043
0.6934613419344109
0.6936360158016237
0.6960072377914379
0.696695764761875
0.6998802061789884
0.7008742250662452
0.7014156330130799
0.7026651438670175
0.7049390923306026
0.705532215979824
0.7060519417266435
0.7073133482701331
0.7098905429708748
0.7101113375808764
0.7102313421018291
0.7102492064076231
0.711723396796649
0.7118866139595242
0.7125750171022889
0.7126731369205708
0.7133712773770271
0.714399415734394
0.7187677077484356
0.7199783857961767
0.7199817904543566
0.7202263478563611
0.7219203853305005
0.7223608026423035
0.725135976051341
0.7289838445363652
0.7289950703796861
0.7296565409608019
0.7299754021136354
0.7307326025246039
0.7307886289223636
0.7315040613348323
0.7332418927688277
0.7335534233018025
0.7340678089793654
0.7341275988386722
0.7354682344907482
0.7358062031697806
0.7373907749029711
0.7394037855242879
0.7395201130066954
0.7404821893019223
0.7406045808642966
0.740931218089481
0.7418254924205381
0.742583539738998
0.7438379476270579
0.7445620355699715
0.7447700676707621
0.747719998963347
0.7486543991775161
0.7500485645788675
0.7513110631251253
0.7515620494483812
0.7519140935434863
0.7520986828457922
0.7528838097594768
0.7546295004336525
0.7575848739828429
0.7578924033888909
0.7583998203141847
0.7589130795432885
0.7597969878395372
0.7604744437564245
0.7611562581008057
0.7630733260703232
0.7655356143759114
0.7665479132283074
0.7665943779303878
0.7682630839827355
0.7709307497014662
0.7725368640576826
0.773323970641345
0.7735153827609167
0.7746284857710847
0.7750921338646503
0.7755373693856856
0.7765960855366552
0.7787941683969539
0.779314706339529
0.7797579097956074
0.7806850295754086
0.7817030164726176
0.785409215470571
0.7856196996229815
0.7872034671519003
0.7882932211465996
0.7888560853722808
0.7888993660924282
0.7893997881576413
0.7896837467522964
0.7900120546790391
0.7905095935259043
0.7935172334094381
0.7944898785518008
0.7954570274636319
0.7957086002488922
0.7967732555731774
0.7980902705959884
0.7982686149118363
0.7997936135111702
0.7998980475030896
0.8000470371424961
0.8004857929936631
0.8013749506607081
0.8016246346972288
0.8021202864761374
0.8022287103590537
0.8046363668190369
0.8051306302807385
0.8066502571828347
0.8069668741635435
0.8106103381407312
0.8122838716610089
0.812897267675854
0.8143790155227931
0.8144725634981385
0.814623882787705
0.814673542170333
0.8150684692760914
0.8176630345630517
0.8185302806894227
0.8190662143523758
0.8197564606767236
0.8210528410247727
0.8218424080106007
0.8225488944776476
0.8230583062384053
0.8249988662018837
0.8273025171301939
0.8280098126812675
0.8280447825089744
0.8289779358399447
0.8300457161144127
0.8308717602954149
0.8313803363017018
0.8321862974684795
0.8350928011171501
0.835937081018848
0.8369261467741432
0.8381013127997805
0.8381272424351389
0.8383230569074916
0.840191005007484
0.8407154977254816
0.8424470647737863
0.8425422680649296
0.842696122929149
0.8435185347654828
0.8447203452894955
0.8452641036109885
0.8457247233884154
0.8475611640684672
0.8488048598092578
0.8505274055069648
0.8519360570123184
0.8529674942056459
0.8540054354900365
0.8540507789458565
0.8553827702820059
0.8562830211453869
0.8586104212344453
0.8590586616870256
0.8608956426678788
0.8614173447326828
0.8646144331640715
0.8648152595554307
0.8657109464641624
0.8665218350626279
0.8669473561382147
0.8681466219693136
0.8685821533334619
0.8690049624566538
0.8690458286441854
0.8697652921796026
0.8738142478564604
0.8763645739339982
0.8767249504959762
0.8768905058359683
0.878470125330379
0.879214113451651
0.8802345950756814
0.8806015454683233
0.881545832923104
0.8819244316218265
0.8854880655803705
0.8857114364712275
0.8857232601057243
0.8857424841471176
0.8860169309421293
0.8879409911623034
0.8885572170998534
0.8890820225964118
0.8898881954569834
0.8899382148409198
0.8908610320075909
0.891067316348831
0.8915921139343344
0.8917657291294184
0.8965453060389005
0.8967733834796392
0.896920466146277
0.8969215315647464
0.8979605054275834
0.8988999242817656
0.8992916484828316
0.9019591316518306
0.9028485244304878
0.9032232507395123
0.903550783946414
0.9037176298229576
0.9053265488709089
0.9053578882595896
0.9056027518595106
0.9059630561640425
0.9060230360076612
0.9065347454029888
0.9075013725047375
0.907874733115044
0.9128902174051536
0.9137506967288654
0.9138190980682667
0.9147367376075591
0.9157796711915108
0.9158680997787902
0.9196684788161587
0.9197550476535903
0.9201893196141838
0.9202332684985464
0.9214922433533379
0.924701130312086
0.9251938335896263
0.9280090166053733
0.9289871205370047
0.9291276297480316
0.929704426704947
0.9304769067454971
0.9305485860117536
0.9314773302882772
0.9317442195380147
0.9318931282850501
0.9339553542055106
0.9370930971974974
0.9387346232118696
0.9390539644779519
0.9393981581724772
0.939519384319331
0.9398984487433182
0.9412513734007356
0.945091367853975
0.9462249629326429
0.9515994684148206
0.9518368507650383
0.9526028973172643
0.9548347071934629
0.9550370705379487
0.9557019606717638
0.9576324256508213
0.959088987609214
0.9603536056184805
0.9613052314304888
0.9617965593314657
0.9646046249372011
0.9688050816682763
0.9697638420470148
0.9711812734942299
0.9726816286597306
0.9733395813039136
0.973728445466571
0.9751016567334022
0.9760885105446473
0.9800028382559605
0.9807827988844647
0.9809263887327786
0.9822891217110907
0.9825365256733347
0.9829966647865953
0.9834639359077402
0.9834699679674563
0.9849877067754481
0.9850533002140619
0.9855702640986745
0.9856791487077502
0.9865398072184408
0.9875416254653603
0.988485046790393
0.9901726619161113
0.9902581588597034
0.9904912715565204
0.9908205891560917
0.9909079264369213
0.9916274657719673
0.9920396047866707
0.9938621632619467
0.9946980238742649
0.9972261483376089
0.9972604233436114
0.9984646812825008
0.9991351520899662
0.9992111942210289
1.0006661917664414
1.0013271307049305
1.0016375463345917
1.0030275055453768
1.0035399742991398
1.0036675562194952
1.0040218235038418
1.0049850740992932
1.0064490545777134
1.0071966554399419
1.0097229190099979
1.0106670741358819
1.0109851927562938
1.011930265939015
1.0135363838925515
1.0162429927903058
1.018078199624511
1.0188050164930809
1.0193776439652387
1.0198705888018589
1.0245569166695532
1.0247550016974192
1.0250465991227535
1.0263875776019178
1.0266183674124794
1.026686861225667
1.0269336539364686
1.0274797463749288
1.02778561871174
1.032356791717632
1.032682972145767
1.032762068337335
1.0340091177543722
1.0349606669305418
1.036133292812173
1.037846401321585
1.0385262322646052
1.0390827932844917
1.0406199501655342
1.0407145383887386
1.042190249433698
1.0434431081750513
1.0434881031122287
1.0453979461052685
1.0457009684351493
1.0477112888179052
1.0482819955873761
1.049390811997053
1.0504294407048647
1.050889233628549
1.051170834624995
1.0546815267957195
1.056326605243637
1.0572049682299762
1.058015059365963
1.0593661487915509
1.060138051105717
1.0602073009944637
1.0604875041455912
1.0608803990381699
1.0619481252300944
1.0621823485520943
1.0638849723131683
1.0651764123045928
1.0653876011642123
1.0656730550071805
1.0659617426256582
1.066022000565126
1.070633922419406
1.070795840285507
1.0712263272794242
1.0713114317287418
1.0718080742850187
1.0726066224545827
1.0745058596933348
1.0746122235275233
1.0746433165659959
1.0761346915949386
1.0767387529621972
1.078954352797184
1.0789680744756385
1.0794304477946002
1.0812434340478
1.0829245402370788
1.0836610669708835
1.0838471297984331
1.0842066506380426
1.0854452939272385
1.0855889963044403
1.0865470266808759
1.0868568821514426
1.0869445816478935
1.0869912646116315
1.0882728858373836
1.088447950028671
1.0899671883550937
1.0912391240645434
1.0913557460733305
1.0941998954579124
1.0961922672330724
1.0968761178167246
1.0970425708860692
1.098639739997875
1.0989936654111876
1.0991220114848215
1.1001260957298737
1.100128466671131
1.0901639029512464
1.101052693795471
1.1025010807193967
1.1033882470751737
1.1048610184722238
1.1059543141464152
1.1060785526495809
1.1097869035693333
1.1111938931096113
1.1125009898655611
1.1130841306732484
1.1135301774430084
1.1137880866984162
1.1165544370883822
1.118781527546944
1.1205344862800009
1.1208728760198943
1.1216912466882856
1.1229232013155384
1.12381572840134
1.123894643581703
1.1254517916345357
1.126605960487259
1.126608598097647
1.128246441512116
1.1321679057178309
1.1344135265465332
1.1355209067783614
1.1358278126726682
1.13586374180299
1.136451660658139
1.140228138611643
1.1412192709119193
1.1413970797803068
1.142326339120555
1.1429080936781841
1.143333713458002
1.1440831979274158
1.1450637083276292
1.145359880258617
1.1472465956466797
1.1485294808750168
1.1488477300488686
1.1515322851133571
1.1535576087715727
1.1545915692969597
1.15528877842166
1.1553492935282463
1.1564840472920794
1.156517388237788
1.1571870610559127
1.1594133021854194
1.1612232527186883
1.1617261484610197
1.1634046512083465
1.1659718361908833
1.1665389265305963
1.1674542492501632
1.1678585292957042
1.1689893678167547
1.17056935633898
1.173338202422974
1.1756883152858753
1.1756883736604526
1.1759344622076497
1.1760349078468066
1.1768401998784737
1.1771514652181096
1.1779029145510385
1.179139823085843
1.17957705182569
1.179712501373037
1.1818379327514728
1.1819873542829273
1.1825850908850928
1.1826470809658105
1.1637354420959236
1.183450187995905
1.1835619504649606
1.184270080460877
1.185017683735959
1.186460700069882
1.1864997827176913
1.186983366993183
1.188252227192249
1.1901970685680041
1.1930174736829147
1.1931179709353408
1.1950102045372453
1.1967094361153956
1.1984329478823241
1.1995749235485584
1.200041595560845
1.2008348511254845
1.2020857834593113
1.2022528801046835
1.2029956338250751
1.2042995184818506
1.2080587633875612
1.208516722779993
1.2096063289105545
1.2107977606391196
1.2108214122028387
1.212799450927755
1.2128382614789135
1.218343645779739
1.218551863307714
1.2193023264073233
1.2199019092602472
1.2217508271262385
1.2226806991926156
1.2242864361458745
1.2244358488145166
1.2248353212344323
1.227992738389601
1.2281601975013732
1.2314661710345813
1.2323251299103102
1.233093967740923
1.2348538751510014
1.2358494312271837
1.236445635366348
1.236600976177269
1.2376406769978594
1.2437626152331243
1.2440008508997664
1.2447646293858607
1.2453798093887078
1.2459682503447718
1.2474831670513011
1.2489924607207301
1.249809445312705
1.2502655838843382
1.2503499478335722
1.2503933513518346
1.2512105446088777
1.251543008561279
1.2528754191677685
1.253488834250925
1.2536699400701392
1.2560432443138887
1.2571216793755104
1.259099599234317
1.2603558693630221
1.2606283957159983
1.2614170527334172
1.2630938208882059
1.2651221471195806
1.2658134208098322
1.2672294991461672
1.2683050366677902
1.2686629965033434
1.2691624238094976
1.2694455699726857
1.2698243854104758
1.2700564115725774
1.272466841233038
1.2728755236105782
1.2744197483362707
1.2745883031871954
1.2747306761849009
1.2747384705681044
1.2756717226662921
1.2767792201887704
1.2768868703243945
1.2770383389513376
1.2773293515909119
1.277343026893323
1.2790770175137962
1.282935647360727
1.2851348238838718
1.2859957435367246
1.2866555416607683
1.2878332904719736
1.287919989386533
1.2885380400001327
1.289955219669834
1.290609845181509
1.290674540145048
1.2924662235090034
1.2937462215083704
1.2946293029284592
1.295532518482463
1.2957262555530449
1.2958473034194373
1.2989188617190162
1.3005278619376366
1.3006841107839662
1.3012606141972605
1.3013174436271573
1.3034137795479521
1.304215899065533
1.3062563326842456
1.306571264004165
1.3107359022056346
1.310980943771256
1.3113846502894753
1.3119058978821478
1.312821630968197
1.3131121885562504
1.315941596275625
1.3162031011103268
1.316588225275557
1.316667877196288
1.3177478204880608
1.318619888399646
1.319160393314215
1.3193918175216632
1.3197450880632176
1.321101716005139
1.3213830827818471
1.3230267792180919
1.3243716339698544
1.3244974543734882
1.3249438408376772
1.3264245768180685
1.3287963975625061
1.3288385092331356
1.3298634045590962
1.3299126254832705
1.3299917053694779
1.3307094378966091
1.3322650464211574
1.3323859274919534
1.3335793254608541
1.335591052271581
1.337517012889731
1.3375476685804806
1.3391087531933095
1.3404664698869135
1.3421250679858574
1.346177995067055
1.346391897183969
1.3484025539973545
1.3505666755999044
1.3506534312862448
1.3512043058984022
1.3513101454630079
1.3515648294889027
1.3529469616130867
1.3534901500519922
1.3539619028994556
1.3539668714151223
1.3564212524448622
1.3587075085966789
1.3616195314985613
1.3616364114200692
1.36215029611771
1.362836466343084
1.363314470982871
1.3658286120792804
1.3681875656314126
1.3686284053930642
1.372245349148707
1.3734755205636247
1.3736574274459006
1.3748268761705427
1.3754303896990157
1.3741783856590255
1.3760480170455882
1.3768510082070744
1.3776814652557
1.3797735141084209
1.3801846393974475
1.3803197099692477
1.381666132150451
1.3818698603476367
1.382388057336764
1.3826682940913846
1.3831034582334976
1.3833926500046465
1.3834161433570444
1.384302368825251
1.3877970056703663
1.3886861133711845
1.3895246737129787
1.389703761036673
1.390142251419092
1.3903353647329357
1.391294614518099
1.3912991722464567
1.3928759164377715
1.3951760028116937
1.3951763691526402
1.395256131961223
1.3974271973247705
1.3994625190423073
1.4000331825752115
1.4006604623843708
1.4013834929513098
1.4013863762213163
1.401992630867808
1.4028252946985114
1.4028820122122359
1.404683359251727
1.4051943476029543
1.4062107713743077
1.4067259640606675
1.4085596999057701
1.4096146874319686
1.4134437369823427
1.4134964127676926
1.413880159651227
1.4141951580565357
1.4151362319525533
1.4158254945349598
1.4164588053381102
1.4165624081886183
1.4177627292194168
1.4195574183077333
1.422079330303699
1.422784408697855
1.4230025267087427
1.42571331925707
1.4261904910287675
1.427161667768905
1.4283879122000045
1.431162213106
1.4329324803830839
1.4349721776455158
1.43562070966732
1.4357098852793664
1.4364838296282532
1.4385548436417446
1.4386116684814187
1.4394017563420523
1.4397899922465993
1.4401313719762308
1.4408977456360519
1.4414044072468553
1.4417805601807923
1.4423007434730217
1.4442470100930698
1.4445174391974438
1.444648047013409
1.4450767983392332
1.4456149443063613
1.4475542025230705
1.4475973027123232
1.4479114199542475
1.4479669840912175
1.4507075464184307
1.4575969693612443
1.457994531354172
1.4585583341314072
1.4585599079295217
1.4600316863487257
1.46078987421724
1.4612694287451906
1.461585290688489
1.463947041457951
1.4655563128933324
1.4676964158561117
1.4679589205647445
1.4693354343530733
1.4700325988861347
1.4702348923230553
1.4706750917080398
1.4726897469835338
1.4730493829151574
1.4733909358993162
1.4741887438711843
1.4746917528491508
1.4747050453707982
1.4747512883961267
1.4748895360631802
1.4770925400023158
1.4771533786284317
1.4773795069693372
1.479551731768142
1.4798836692752078
1.4801100335860105
1.4809299938236302
1.481471235005084
1.4822505837582407
1.4829624627192641
1.4830583164409772
1.4843014700701573
1.4854477670425141
1.4855703512273855
1.4874810367345026
1.4881255780624048
1.4893324440812814
1.4900235707707603
1.4900615844523248
1.4915230193006361
1.4916562828994813
1.491959481809124
1.4922901672390319
1.4940278979239205
1.4963602881574405
1.4970111203697547
1.4982585680937688
1.5001687218109248
1.5002565041449947
1.5002907250500712
1.5013652377877977
1.501628524204214
1.5022095749301922
1.5031135341776607
1.503597879990158
1.5038288031459102
1.504024634985274
1.5047086442527395
1.505169151054393
1.5068665475445675
1.5069573884976561
1.5117037448270456
1.5138526877904537
1.514643419215983
1.5150439032540532
1.5167931592645123
1.5176219108895872
1.518317168961572
1.5198866758565752
1.5219159576466568
1.521998122461616
1.524027420239795
1.5245313686474893
1.525017745610971
1.5252153482268207
1.5271326163981154
1.527368795336944
1.5275442628440294
1.5282681993014784
1.5283018341799026
1.5285327386891836
1.528733309510459
1.529595313011194
1.5306345084934805
1.531090514346241
1.5330139795013489
1.534960260801489
1.5376656185936417
1.5394497374306582
1.5406510905349613
1.5425806262540147
1.5426007842820666
1.5430388565194424
1.5439006418501278
1.5496931023861655
1.5501396550562632
1.5513269484589478
1.5523214908182357
1.554911871118682
1.5570104091084076
1.5573219481451617
1.5580082866500082
1.55985074467568
1.5599302463840814
1.5603008904988391
1.5607463867602962
1.5616078479534208
1.5618499522914076
1.5653335276420854
1.566263513476432
1.5678450349663569
1.5682320915302017
1.5688119624445775
1.5690969783903452
1.5691775520240705
1.5692093414212205
1.5698622861031588
1.5721555533304292
1.573389657902433
1.5750014047536143
1.5768373980492911
1.5784040439735656
1.5802462310602852
1.580394231758789
1.5811356930254266
1.5811392611376738
1.581995071961744
1.5822544080067913
1.5837930507000983
1.5840777295524031
1.584394276758761
1.5848958212467195
1.5854447871737438
1.585880837289656
1.587245958716898
1.587287879979176
1.5900135346097266
1.5900351180085914
1.590273307833009
1.5906306308427558
1.5907179214279021
1.591294045272077
1.5917706270225511
1.5942975310147345
1.5950209235795132
1.5985150805167514
1.5987741429064355
1.5989156623707905
1.599258775456664
1.5994194980168246
1.5996729215314365
1.6016956325409648
1.602254227416409
1.6031276666383958
1.6036641681733947
1.604377174895637
1.6047638131680495
1.6058719354002455
1.6086368565031053
1.6094948294616835
1.609911088366155
1.609956740307219
1.6140686649196274
1.6148074367938001
1.616515491678394
1.616905188998946
1.617716366488952
1.6186157657149876
1.619936774450125
1.6208618540587376
1.622549612153041
1.6249795220324048
1.625660834336636
1.6256776745004973
1.6264203763893175
1.6303801284771984
1.630545977286405
1.6306721021594324
1.6308893898025338
1.632163328764457
1.6334188921953512
1.634465070405238
1.635198307034086
1.6370015558822775
1.637365694614353
1.6401679919805352
1.6420517158505614
1.643493886554923
1.6439078357550534
1.6440760340388505
1.64455408688708
1.644926351824925
1.645695024723627
1.6458168213217184
1.6462047151665369
1.646822980594067
1.6478282553358068
1.6484831019674104
1.6484865870233227
1.6505364182637963
1.6514735033837828
1.6516165601195012
1.6535153499176563
1.6552588375824508
1.655710887069205
1.6566464754815733
1.658344910460654
1.658949320855528
1.6593245186620098
1.6594166643398456
1.6597084391495345
1.6598038423328765
1.6602242742035922
1.661759516858405
1.6621504048569034
1.6642057254677598
1.6642550713625526
1.6644779714729048
1.6651373371948681
1.6655252443979633
1.6698734873850898
1.6698821523453908
1.670087517557443
1.6714056565950968
1.6723056401706375
1.673997500105257
1.674111982189437
1.6766127692967119
1.6770056088114582
1.677332123238564
1.6774880455893904
1.6816501382803324
1.6822513417069007
1.682485322116462
1.6833217674721517
1.683660158779584
1.6854434735501984
1.6859044637103868
1.6859400451844568
1.6866980574820725
1.687349935332414
1.6894479782401264
1.6903582985404764
1.690727701200739
1.6921180418980208
1.6932543687031258
1.6946579292030428
1.6950845554356595
1.695226542262615
1.6953647676492622
1.6961517244837057
1.6967378074495758
1.6972954702700185
1.6973173322318507
1.6974510758492583
1.6982096670699014
1.6986185450204259
1.6997988010648446
1.7002715808704578
1.7003934982997162
1.7003974197421734
1.703653049847014
1.6491475284760513
1.7085361037583169
1.7089244898433804
1.709133211757153
1.709445243925221
1.711141157505683
1.7150399735895494
1.7186095293875783
1.7187298127104995
1.718880497793736
1.7198810696077163
1.720577693809127
1.7213630896991037
1.722558092316474
1.723701332617597
1.7246539966235503
1.724990869848255
1.7257203183505514
1.7262733728344528
1.7263405375464687
1.728142983760091
1.7294365568461996
1.7295370899804352
1.7310707135484324
1.7342084176707742
1.734891767722675
1.7349603799671975
1.735088827070814
1.7362109873800602
1.7371469593701743
1.7371513639908345
1.741138556997835
1.7413782935910858
1.742444587016074
1.7428203540605185
1.743831588087878
1.7448751157184499
1.7458892028957798
1.7479640462144421
1.749255107772353
1.7494762651039657
1.7504307031755129
1.7513500294494735
1.7523968763920432
1.7541119013050965
1.7552995635413577
1.7557315216264053
1.7560614652762654
1.7562992111298785
1.7564666451062065
1.7605845480231108
1.7642283123859188
1.7655126536754178
1.7683276030478816
1.7692342338742535
1.7700086467487257
1.7710927713635467
1.772573856467104
1.7731075062507224
1.7752518967273934
1.7760733254809407
1.7769611786256079
1.7771934498469415
1.7776873975561647
1.7782300163709805
1.7791458344777478
1.7795045268763197
1.781923922191496
1.7827322929899994
1.7845416510949146
1.785407730775572
1.7862427988324696
1.786964895989322
1.787644904338896
1.7885668855950407
1.7891200909460636
1.7911249996500427
1.7914573449103177
1.7952728994188953
1.7967489504813474
1.7968859195369433
1.7970989998026723
1.7971940717530241
1.7993441730078428
1.801267314830402
1.8020534137008448
1.802539447228728
1.8027466406239427
1.8038097855709003
1.8039016716835456
1.8045552764746544
1.8047260982887539
1.8065738710654855
1.8071305687326131
1.8081181819416265
1.8088948322701695
1.809923679347676
1.8100010449383985
1.8132696721971693
1.8151659253531471
1.8160147971362373
1.8160306832316475
1.8198234215742648
1.8206403010652317
1.8206616130440392
1.8215946002922487
1.821642693657168
1.8219534106537671
1.8219993232501739
1.8244860486101688
1.8255922046576554
1.8259909045637166
1.826801052428786
1.826807427814474
1.830462882478408
1.830824743721035
1.8317984260805018
1.8319281153218108
1.8339112010751764
1.8353831568383672
1.8381072317414442
1.8381474324721176
1.8384688896877508
1.8402272241064423
1.8405144726659104
1.8405628309601447
1.8411424087371984
1.8424658458582313
1.8448042236202138
1.8467258988675452
1.8473323063743905
1.8473499660432504
1.8483256040547726
1.848900784956633
1.8505538254964466
1.8512043402393563
1.8530304378912588
1.8540305217911883
1.854977037574625
1.8594080211359418
1.8612190584532375
1.8640450495004284
1.8643054709478102
1.8646682730244988
1.8652046253994323
1.8663511398701893
1.867070150203066
1.868474453607347
1.8697168685562917
1.8702232818074422
1.8702654300177575
1.870315411671587
1.870498712978678
1.8725509389061066
1.8728714755443183
1.8731681260815962
1.8733940163493907
1.8766629549639153
1.8812896702346393
1.8813705414071413
1.8824632049916965
1.8825250831870437
1.882813454266499
1.8846859687367523
1.8863829120509041
1.8868860905851006
1.887561301678759
1.893743776033295
1.8938471688880913
1.895308005240122
1.895624751160192
1.8965824673545644
1.8968192004770952
1.8970966006976093
1.8981903955665043
1.8996201260033705
1.900494819449342
1.901803919866975
1.9033447987424421
1.9041897530822571
1.9045689958525194
1.9072267740142541
1.9085548685397355
1.9098465143182515
1.9101062687397432
1.9101496887075549
1.91128664410973
1.913634004407712
1.9151009644512311
1.915368581946082
1.9157642448868866
1.9161271397739303
1.9162937532263784
1.9163936599870914
1.9169651217442416
1.9188512209696118
1.9115482365484344
1.9197253022789547
1.9209380261351
1.9212923590953734
1.9220451802569503
1.922933872391318
1.9231843489840708
1.923295755096317
1.9253355413965023
1.9254411314478102
1.925871168694082
1.9026842300416882
1.9267089312866048
1.9269142267727049
1.9270249291332724
1.9280552737715915
1.9294040650263717
1.9163618224173309
1.9297158827824528
1.9298312404874352
1.9307137248613377
1.9309114340359697
1.9311405442102716
1.9315425703463196
1.933550489735108
1.9340469236029574
1.936332028827845
1.9371506855684748
1.9381237590110665
1.939639320606536
1.9409203282632725
1.9418780952535937
1.9419577485128843
1.943056371449695
1.9437786437178783
1.9454758685038378
1.9456824456450146
1.9479818483418878
1.9486392786155056
1.9491014654830203
1.949729348330831
1.9498176418503053
1.9503779642222474
1.9522259225319722
1.953931993941082
1.9551090111586422
1.955393412318139
1.955460883060254
1.9565322032976327
1.956761597617781
1.9570417661148878
1.9598935570879794
1.9607109500177649
1.9610028564617263
1.9656734249217422
1.9661248957108062
1.9663025655014412
1.9676053250732717
1.9700192454422174
1.9707306467419512
1.9723870123611096
1.972844168163999
1.9767923778089826
1.98054276291043
1.9812820270088567
1.9820596970846507
1.983177709869771
1.9831947707623938
1.9836306605895406
1.9848710104253762
1.9866865697240057
1.9903742519364753
1.9907437630653733
1.9916915397287838
1.9931931145127522
1.9946756047387564
1.996946266338907
1.9969625436392362
1.9974631232891933
1.9982827700673946
1.999205311866892
1.9996121477544824
1.9998874036819976
2.0000176043534896
2.000648693783188
2.0026083022434498
2.0031928956761895
2.003504233305314
2.003904661855053
2.0044038749884705
2.0076490779071556
2.008838581910916
2.0089560775063435
2.009087456676546
2.009740917882872
2.0097541850021328
2.0107723602019796
2.0145495337110093
2.0156387902714354
2.0157823758482225
2.0158629317368333
2.0163898688733988
2.018233642276126
2.018305117125335
2.0190281943421966
2.0192407093009526
2.0196329451526474
2.019678029467242
2.020089153412439
2.020564188710175
2.0215790717432602
2.0251155379744534
2.0255187597881568
2.026977026971852
2.026988849665728
2.0273651979308447
2.0292414747383942
2.0305795699588987
2.031592563594766
2.032377985649376
2.032427917681833
2.032549221540061
2.036992389886132
2.0376003556928293
2.038914455970158
2.0389281446598266
2.0403105986906014
2.041865450676133
2.042441779265584
2.0426873233006613
2.04556267789831
2.0470330096159226
2.0476671849509933
2.0491566173225966
2.0495680314968414
2.0508496659048725
2.0519168039788402
2.052113072472354
2.0527807236767672
2.0538524829375238
2.0540692422273383
2.054802444366739
2.0583219847760432
2.0597050712320955
2.060174907485118
2.0623095997113556
2.0644986650258126
2.0649174482780173
2.0656454599390797
2.065887580561568
2.0664352624336724
2.0671746704989635
2.0687583678564763
2.0689858768165528
2.0706123804974497
2.0708800452687
2.0727034427186046
2.073364713556003
2.0734070031044363
2.0736524404254544
2.073753439678038
2.073881148707437
2.075300567255073
2.07703540022001
2.0774215119992623
2.077690086148558
2.078902461950289
2.081461036014513
2.0816149970944924
2.0816645400386755
2.0828275020344917
2.088829990786364
2.088911697062103
2.089140629345243
2.0892550570039923
2.0919489842799077
2.096184614588511
2.0972347662734814
2.097303039504061
2.0973467017241827
2.097355947902687
2.0973888314212434
2.0981220878653772
2.098800133983874
2.100080620056723
2.101452751801511
2.102017208241605
2.10296931123771
2.1033692649362457
2.103380836293833
2.10363439923571
2.1040989750272376
2.1045438101244573
2.1065386104003103
2.109575388588599
2.109998058027773
2.1103000187402663
2.1103492459339934
2.1105191881720375
2.112300993902842
2.1128214875629934
2.1137882673151345
2.115232769875596
2.1179187670698663
2.120151037030819
2.120623249886129
2.121074817971879
2.1215785128100624
2.12277634141866
2.124467552922342
2.1251075006745763
2.1262362246815716
2.1267911737468514
2.1268902566003596
2.1284737904254563
2.1314933442664703
2.132234052875481
2.132443600976094
2.1345721839561427
2.135353910495305
2.1356650140909452
2.135800643838168
2.1361063230576125
2.1364378140583202
2.1400677084433166
2.1410156501288524
2.1415027168430294
2.1435427410898256
2.143569657140989
2.1438742044555656
2.144002626295161
2.144222046738779
2.144718574528111
2.14506320355251
2.145878878046517
2.1469076974618835
2.147304705404696
2.1475681127892985
2.1477569684428643
2.1494388487361045
2.14977281233927
2.151226884957508
2.1542283953040386
2.15569037467253
2.1562668285297195
2.1591614411750686
2.1597227562445003
2.162039290032516
2.163060639520954
2.1645818269524812
2.1661259917723994
2.167645053658976
2.1685960901631716
2.169708178922588
2.1707763796948636
2.1708210736634554
2.1713595077819043
2.171787162614823
2.1742033153091667
2.1755313186437872
2.176941906920303
2.1787870667591918
2.1804261398513423
2.1815667158340295
2.183205205386767
2.1842596408511215
2.185366821986493
2.185567556484093
2.186542206392419
2.1882362165733036
2.1885883188390336
2.1886764134789782
2.1905922428203506
2.1920699564660793
2.193650900511361
2.194689198168588
2.1955890121467734
2.1965140556052027
2.1972222974715043
2.1979148028742257
2.197972531134199
2.200358264824065
2.2032796551075293
2.2046804900670764
2.205087705807568
2.2057553912905905
2.206299682496711
2.2076152299939946
2.2076417075611787
2.207860046074928
2.208001212756674
2.2081716845689647
2.2105353867651054
2.2122884028316694
2.2128543700440186
2.213352954161458
2.213780558046941
2.2140095542445337
2.214142127563089
2.216553357559607
2.2168841235577363
2.218946890891164
2.220174229238944
2.2206245913524625
2.219010019740594
2.220857376846524
2.2217184597010737
2.2225799274735003
2.222807908140601
2.2238299646087283
2.224286202805561
2.2243323921715548
2.2245506580141017
2.227608925447887
2.2276423950915616
2.2286825578136935
2.230312442192711
2.232168987572323
2.2336084789790833
2.2378325672435966
2.2379541941825267
2.2383441983121473
2.238463664515744
2.238533481747917
2.2122972552158995
2.238979767894465
2.239313018602002
2.2402931232352805
2.2406087933507357
2.2418463251411103
2.242093457121085
2.2427318017627464
2.24557511581729
2.246313873273733
2.248106533986565
2.250606414794556
2.251072003918355
2.253781931664146
2.2547607116538995
2.256251109522443
2.2567277486120334
2.2575312183002225
2.2586622991634613
2.0180055322008617
2.258678736058008
2.2486871006458915
2.260274122793926
2.2611076654875752
2.262051541391865
2.2622196081429813
2.26311178042524
2.2635408726618973
2.2644689992554787
2.264746518206145
2.2669644053169256
2.26867450122231
2.2694773849978795
2.2696133627516835
2.270494181963185
2.2721401308223115
2.272958450084863
2.2757202049402427
2.2785938766883187
2.2787215884431404
2.281636084794693
2.2818859974580055
2.2820055428784203
2.2832155715890985
2.283584659142551
2.2848965594501283
2.288986530103718
2.2911998962707596
2.2926905791529006
2.2950522113104803
2.2952519550142405
2.2961386534618216
2.2970392398666815
2.2974681440634797
2.297711857787496
2.297811110358294
2.297888096829958
2.299279193667796
2.299546591593805
2.2996074917086227
2.300070759912836
2.3005080176244244
2.301831718638112
2.3028718946532942
2.30465203899781
2.3053825900775333
2.306431193094048
2.307106368232043
2.3090139672029895
2.3092904859773506
2.311088547421843
2.3126989383141296
2.313755403061315
2.314014478134603
2.3154426611953944
2.316879135740859
2.31702620136397
2.317763633975826
2.3185534495470574
2.3187231172853915
2.3202102620703466
2.3207655380084677
2.320809335927764
2.3211858032173622
2.322047415936905
2.322485463475211
2.323617788933657
2.3236539005742904
2.3241269915873572
2.3255575668929516
2.3264224943654037
2.3265145188764222
2.3266982315400364
2.3278714186501808
2.3282703037253856
2.3301675109379674
2.330402021531481
2.3306410411932457
2.3334122332505207
2.3350386719831726
2.3364483226099786
2.3384334840237417
2.340579729451536
2.3434684514443607
2.3446858351888524
2.344747987244575
2.3455764356644297
2.3462439817059453
2.347265890979068
2.3476402571245254
2.3498977629708877
2.3509066576762563
2.352405639373991
2.3531975489760097
2.3538885735411594
2.3578574454380568
2.358150524693204
2.358329967617501
2.3593536882541546
2.3596116663660798
2.3605712524953497
2.363903126597861
2.3641945616067828
2.365300438573253
2.366039824061393
2.3669257018129413
2.3679050720548322
2.368262270728557
2.368385501008425
2.369180537128495
2.3692628675823566
2.369755570625971
2.370552776116282
2.3715978934253945
2.3725704422613694
2.3727494279029626
2.3754172788451613
2.3774913883970386
2.377807000628026
2.378014470657493
2.3792496720897147
2.38197797053481
2.3820712937109727
2.383572401063213
2.3843472287540304
2.3846868487003
2.3849485110615
2.3850416176725124
2.38740071245809
2.3877623614725105
2.388212491086252
2.3882131203988353
2.390260656517712
2.391764455290975
2.3923561492618144
2.392512940483799
2.392613316079684
2.3933465870653174
2.3943226177104515
2.3946502198985784
2.3948850943142728
2.3964524648603414
2.3964605656684643
2.396771553971231
2.396960401383871
2.3974318172247373
2.3979453383244245
2.4004853768393972
2.400975535907626
2.401682860180743
2.4017825410485427
2.4022567674438555
2.403188061700047
2.403632318376368
2.404288617379575
2.405520264528502
2.4058483954588525
2.4100835310374498
2.410435463187495
2.410681149079701
2.4115255112518583
2.412266766650248
2.412771341050301
2.4139590338070525
2.4140910706199765
2.414807790081458
2.415345884988242
2.4188990583074768
2.4190996097634105
2.4207963558119894
2.4215708206695306
2.4220724812683487
2.422085085130693
2.423115011809304
2.4238177121797473
2.4242666983838914
2.4256684593646476
2.4261626332150317
2.42826177890178
2.433058408103623
2.436029583653839
2.4385446041101666
2.438863183866055
2.4389074970557956
2.4469041348114473
2.4469316985201597
2.448664501907654
2.4488368772036266
2.449517449231325
2.45022547862876
2.4529148211286382
2.454979684443202
2.456534060211111
2.4570442369335312
2.457209457585972
2.457563124177415
2.459492043811621
2.46082405040269
2.462775264580801
2.463063145035319
2.463468531455804
2.4645542546413677
2.466403430916374
2.4664762765024175
2.469587301678274
2.470636159402343
2.4710249604056878
2.471350851822736
2.4717305403996597
2.4644332769022292
2.4722013393634255
2.472785822878975
2.473286977355607
2.4738110708250476
2.4738415401994183
2.474088678776125
2.4741179038134993
2.4746535721504936
2.475440851814448
2.4756782610690657
2.4791257109866223
2.4793993886892034
2.480446216794627
2.483240385189971
2.4832950773597764
2.483606576341192
2.483934135777988
2.4849732477801685
2.485378775728478
2.4855043193250617
2.486860919965378
2.487562419950485
2.4882483426029536
2.4885961047815672
2.4887413391247475
2.4896177876869032
2.490558082522887
2.4927088422744412
2.492948598034759
2.493230582828562
2.4944366037212182
2.4953666992808308
2.4962116399451557
2.49649419133367
2.498994424745201
2.506082144053746
2.50757097745575
2.507846472549733
2.5080643357541903
2.5084355033347316
2.5114063560778046
2.5143988921281206
2.5147616636753938
2.5155671753146156
2.5158680381154523
2.516902241585815
2.5175428155501116
2.517566342512444
2.5182245432989703
2.519643341154202
2.519663532139984
2.521111052476895
2.523069876979472
2.5236408115891154
2.525680862311706
2.526080999651859
2.526453355153814
2.528336578860152
2.5288309920096386
2.5289802863670343
2.530108197486443
2.5325552881344207
2.533457408296582
2.5339333236076733
2.534204110394351
2.5344305747611573
2.534643781207063
2.5353248658179757
2.5366282723699003
2.540004855609979
2.5402696544119765
2.541206915062126
2.5416945612506163
2.5423362818122754
2.5436191776729964
2.5466953788898454
2.5496182863696
2.55214452709768
2.5533667566316116
2.553666492472303
2.5561600169301766
2.5565085301075654
2.5569910760039756
2.557539008860509
2.5585568199589788
2.5586170429937085
2.5589212114288173
2.5592168474499335
2.5602303892380585
2.5605784968225773
2.5606050410234826
2.5608657471079312
2.5623660773556614
2.5646128610569
2.564692898139766
2.5651033340195384
2.56590999036191
2.5681836519745893
2.571740494095674
2.571920553350226
2.5722124554920685
2.574114208930078
2.575049440674156
2.575093395138727
2.5765422708622316
2.577939049663315
2.578375318273583
2.579054532257968
2.5791835498288322
2.5840756910054457
2.584282282163431
2.58504340797447
2.5850799573139
2.585420030096279
2.5857041631789266
2.5857983907234288
2.586903729882588
2.5875507366213757
2.5892771828085084
2.589352206187443
2.5897180945035263
2.5901061210075893
2.5905403426563245
2.590934725530361
2.591237626602991
2.592966866914901
2.5933811184586184
2.5941607577199233
2.5958205077744774
2.5969628044113917
2.597190450980362
2.5995010747822587
2.603045614572974
2.6031022859455093
2.603102689343913
2.6036479122520246
2.6040931799400466
2.604910648404329
2.605005452582778
2.6054704300537628
2.605708975148698
2.6079655419311183
2.608496765610827
2.6094800025344993
2.6111183575098225
2.6112334975214355
2.6113180198188877
2.6122568850135592
2.612833353733531
2.6153976298951793
2.6169958297698415
2.617020778875253
2.6172157507339313
2.6173178166801536
2.6180936164160626
2.6186818863952035
2.6203904586846005
2.620413122468571
2.620681072401128
2.6207852519453123
2.621305900924887
2.6215444520623414
2.6218488813166076
2.622164975882774
2.62257107330337
2.6253542149567033
2.6257297542921436
2.6261885060852648
2.627392200477842
2.628894839417115
2.630878351920255
2.6321374009502563
2.6325933132126393
2.6332360004825226
2.6332870709989518
2.6338567936874915
2.63471010589022
2.6363482120089374
2.63765604105786
2.6387246924259204
2.6395932307719128
2.641120640017479
2.6443562765098467
2.6447503906428604
2.6455704071422588
2.647230812303178
2.648004028004128
2.648893417980396
2.6502669252649347
2.650319063659517
2.6527621483954444
2.6528875045393394
2.654301574275612
2.6550935476862803
2.6553146542770305
2.6557600543881774
2.655926757996441
2.6559358408415563
2.6568454696018193
2.664046663267788
2.6652675550061984
2.668689664431692
2.668912824802192
2.669575407767517
2.6699026926645337
2.672712949719483
2.6757074295413577
2.6774556980162605
2.679582840949854
2.6806044071093185
2.681876862839386
2.682340766062529
2.683085580256239
2.6835819956129616
2.6850407702905623
2.6866262706341217
2.686792664354576
2.6870534026455695
2.6876486135693596
2.6877158637529592
2.688216424392348
2.6885634445175954
2.690009521305368
2.6914936860890055
2.6917257521427267
2.6948547525404574
2.697273694886026
2.698000962612435
2.698425669413535
2.698957895257742
2.6992966442469846
2.6998258991268105
2.7005187363738594
2.7018083903540084
2.701967362956904
2.7021387667928525
2.7028477342755783
2.7043997433850437
2.7044988641588934
2.704833246226187
2.7054197041265424
2.706424422794729
2.7080575772390145
2.7081610394816824
2.709661070143659
2.7113951966613365
2.7117524512915328
2.7147473140426217
2.715153876700996
2.7153014835398523
2.7155129460053176
2.7159050177668345
2.716430571682551
2.717400521755861
2.718695780175127
2.7198282602368624
2.7206740481702534
2.7212703881845197
2.7212970289974816
2.723420085998271
2.724583695896245
2.7255175585392815
2.7272651613687264
2.7296934798840673
2.729963183844025
2.729992123362917
2.7300999638256656
2.730700309998881
2.7308390599118653
2.731642186547779
2.73290128235342
2.7334410613863
2.7339656288943277
2.7351415559607855
2.7361928204176342
2.7368493564233063
2.738129880253435
2.741365374919731
2.741631220324043
2.742908529698251
2.7440358613853664
2.744213063520609
2.74467145074584
2.744928949617407
2.7452394096863126
2.745569096388113
2.7474888606029193
2.749702206872553
2.749909356907682
2.7504357779509547
2.7520239846575762
2.753895141921945
2.7561843664460857
2.7563487907304305
2.7582048087698805
2.7593921499094
2.7607161089076073
2.762749637802868
2.7643189525375162
2.764926865185841
2.7652392975212607
2.7658343469418036
2.7662632691841087
2.76768460043833
2.768715336490562
2.7745943548779732
2.7746441468355485
2.7767379407377963
2.776837581953455
2.777180210322325
2.7785700647293283
2.778830156712077
2.7801140217385774
2.782476622742668
2.7825137275711906
2.7827533451310233
2.7844487343534756
2.7846732146434703
2.786806025986602
2.7879626220833815
2.7907350260685235
2.790806741085729
2.7912047523169266
2.791480370613964
2.791742565950461
2.792761080589217
2.793369943686426
2.794400593212377
2.795256026735909
2.796162751512107
2.796497528140305
2.796818146160306
2.798451173836308
2.7990609978118415
2.8006400951241726
2.800989476246245
2.801468029732744
2.8030644658859765
2.8058055085077624
2.806544042362791
2.8066701085253616
2.8068548973873786
2.8071920243732174
2.8074344784621252
2.8084305074401446
2.80881454897006
2.8097660839903758
2.809794674885999
2.8098324548579843
2.8111778446245315
2.8122811250245996
2.8124952119409774
2.8142578335311668
2.81493497777802
2.817394612584824
2.8190887442833854
2.8204058085258636
2.821392790918327
2.8216073334991627
2.8233060770462823
2.823344981846593
2.823404966806702
2.82362151096824
2.82392909941355
2.825403305035799
2.8255211814151586
2.825783959296858
2.8263689632826012
2.8282934671333373
2.828971886648931
2.829924308733562
2.830535364624144
2.831235984982034
2.831245778060912
2.831356376841683
2.8314603318978397
2.834956444838627
2.835982074374602
2.83616382284115
2.837103508663967
2.8404977907296836
2.841966145693962
2.8430646655102563
2.8435463084390746
2.8443661860702276
2.844392319856745
2.845524642626278
2.8456224146108746
2.846443395303209
2.84898241518833
2.849825976503798
2.851049906494334
2.851240161293239
2.8550040196156865
2.856146771655614
2.8574477161868805
2.8618971202996337
2.862425805250166
2.864542754428052
2.866193678032967
2.867274619446842
2.867764324747425
2.869016340535717
2.869243996083295
2.869525005116644
2.8721634730017485
2.8727361607346196
2.8766715230124773
2.876732010531115
2.877455747344684
2.877680466907425
2.87926031443854
2.8805078565057665
2.880895064056411
2.883115861032348
2.8837323534687807
2.884428809925518
2.88491850737579
2.886427555001357
2.888605099585732
2.8891250673371767
2.889312920049401
2.88935663258661
2.889889402547991
2.8905761223167192
2.8959387985268266
2.8959691893096373
2.8966018155745674
2.8967360272618334
2.8976887690695228
2.8996396312463752
2.9020531526619147
2.9024946163396814
2.9032283454659247
2.9040445464803986
2.9055552482163503
2.9056806210804598
2.9057901368748644
2.9070177028148176
2.9072774007623843
2.908297209389444
2.9089236842533865
2.909240635951624
2.9116654049426187
2.911832994938217
2.913405938932699
2.914756889930202
2.9151746592433296
2.9157990658123176
2.916635770561225
2.9194119814944575
2.9194547734268563
2.9202492623304264
2.921518520487687
2.923031882992053
2.9233079037892926
2.923727685117295
2.9241733248784776
2.9250691906456674
2.926173376898747
2.9266290180117225
2.9272921905171674
2.927416155588683
2.931695288223058
2.9322358689186867
2.9328778969169274
2.9330358992461685
2.9340602071913553
2.937134070500063
2.9376823239694048
2.9380958696992447
2.9387342988078267
2.9389389895434355
2.9398650734812666
2.940264254087225
2.941232661613695
2.942212333531345
2.942322449549984
2.943414117358404
2.9453247051511746
2.947372806384958
2.947373666618224
2.9489666322334687
2.949903384478475
2.950697013675568
2.9509625207345973
2.950994907191701
2.95130751869336
2.952530186427018
2.9528068885083107
2.953093792161556
2.9534031435674537
2.9535414556157833
2.95395103691792
2.95410773732628
2.954310268538783
2.9551505238439537
2.956072181170224
2.957647348569234
2.9582410452402823
2.960056979750104
2.9642087577101925
2.9651793487315627
2.966477853749491
2.967796547122319
2.968057264268253
2.9693107411159176
2.9703161974255528
2.9720093773646217
2.972055371157165
2.9723748354458746
2.974637276698395
2.976064076772666
2.976685966716689
2.9785134442158556
2.97987617576711
2.9805650473204417
2.981918509889473
2.9830390303774257
2.983728203360824
2.9853385714289753
2.9891622654667747
2.9906053390550484
2.991822707896001
2.9935132629197687
2.9947110025233123
2.9947779033245405
2.9961690302321897
2.99940202764207
2.9998959161657246
3.000938225063906
3.0020859767926895
3.0027273512109067
3.0056507181750294
3.008509087806689
3.0100003416433982
3.0112100144859926
3.012140295607167
3.0122311219892457
3.009931362434242
3.012669640663407
3.0129070522944055
3.0132750309164815
3.0135891387149427
3.0140251375214095
3.0153982408948177
3.0167511191340703
3.0167747074868725
3.017616148661838
3.0183382857856276
3.018579844070858
3.0191306739569193
3.019400317828603
3.0194779224055504
3.0195980913170475
3.0206946711365514
3.021466046710645
3.021607061535292
3.021926631306432
3.023571608465476
3.024482493920061
3.024487030519257
3.0253299940789193
3.0263779799003143
3.0301832065887866
3.030523794692252
3.030728101815424
3.031454020304713
3.0324667821522446
3.0332104225306096
3.0343816240845753
3.0349898526667647
3.0375404364092993
3.038691565109896
3.039765657549708
3.0401274955916886
3.041769260678002
3.043308355894846
3.0437707055769043
3.0454859678928003
3.0459535786421474
3.0467222265766387
3.05073023784565
3.0514645373299656
3.0537904758548446
3.054413484837957
3.0556793173088233
3.0563115731429495
3.0565706979214418
3.057635882762454
3.0582321917126603
3.058545626476688
3.0596061374947885
3.062143427132577
3.0623534746845036
3.0628983719552414
3.0629554364751
3.0634519909244764
3.0658168133251267
3.067549646163211
3.067606707241236
3.0679633614201447
3.068745200611188
3.069591972434712
3.0722646762907524
3.072500580939376
3.072764223922532
3.075347820991347
3.0771228841499854
3.077812665474574
3.079276460468967
3.0793857533903606
3.080499478336111
3.080557477754328
3.0808786792902962
3.081750906852769
3.0877964607648187
3.0880769726810673
3.0887007828278352
3.089300528520061
3.0903455878752606
3.0913559978980354
3.0921574097446776
3.0921721648555813
3.0922196361363494
3.0946311494487864
3.094780895521841
3.0952643202835155
3.095539439098368
3.0962104633664542
3.097168410607263
3.097534551994921
3.0985285746773075
3.0991441797127783
3.1002528298806884
3.1008040321290693
3.1009134008587163
3.1019483447511327
3.1034564099130106
3.1073265105561365
3.1075755708689403
3.1080744391793056
3.10905599876966
3.109281069854414
3.11039643403284
3.1113059362293374
3.111612384954512
3.113443366841
3.1156865912443457
3.120195270046897
3.1218694571421457
3.122110595187666
3.123703855709748
3.1239013411960035
3.123904576538375
3.1254568118135673
3.1264667789864635
3.126510783264091
3.12690392459937
3.127997904488112
3.12824478186688
3.130800275341983
3.1312479675555536
3.132068919469878
3.1333288055553625
3.1338621257209387
3.1342270168904567
3.1358756440918993
3.1393724526303832
3.142436950633289
3.1425927934211595
3.143389060440271
3.1444646496015842
3.144552458333224
3.145425041642694
3.147877300501897
3.149265303747904
3.149817058112549
3.1504182661203286
3.150436330714624
3.1517816110928276
3.152289426445421
3.152335397162001
3.152336081149293
3.1530391623534575
3.153306854505184
3.153410326513187
3.1549229763636815
3.155119338520509
3.1552644989822114
3.1560186521206983
3.157681699117514
3.1576936934434596
3.1601593246787885
3.1609013976848455
3.164305773040328
3.1683575459921554
3.1705754198734035
3.1715157105780376
3.1722702402553757
3.1772759901894445
3.177669302877227
3.1787517693051326
3.1788479854774314
3.1809555108306538
3.1814494804759845
3.182322489318389
3.182624733560841
3.1827483143076076
3.182976672158892
3.184153244417902
3.1849960716596435
3.1878886937901743
3.1882952784106227
3.188472265838196
3.1907710401955667
3.1923460335142444
3.194498663531352
3.19470297762248
3.1958038923325094
3.1964382415381905
3.196460287785657
3.1967187860459987
3.1979057798302297
3.1987960644848714
3.199913787626707
3.191931815545985
3.202172386145479
3.2029048809902454
3.2044064362394873
3.205215745409986
3.2054622644407957
3.2068709256093735
3.2085333112758394
3.2092512203872543
3.2108501049422236
3.2113440094877204
3.2113698352835667
3.2115877620583047
3.214165008860969
3.2145803891667106
3.2156736226774667
3.215704685429516
3.2183304442640437
3.2192753494813573
3.220330241340018
3.2221874109892354
3.2224837293950856
3.2229676227910833
3.223045176301988
3.2246981496087006
3.22557797499761
3.2264769688283206
3.226580298638477
3.2266928880591452
3.2280333826291643
3.228552134481057
3.2286143192763412
3.228959656146874
3.23138462368117
3.2329892863401217
3.2339633196261985
3.2345484386440093
3.2351133786408868
3.2366473137744225
3.237649464867852
3.2391587697043778
3.2395915984237624
3.2397421224965504
3.240971085325482
3.242508594459921
3.2437209418060915
3.244735957087312
3.245174226015794
3.246260878263087
3.2473334326969634
3.2479388934391213
3.2480283996108326
3.2481320496044965
3.2488535994184105
3.251554192637454
3.2515939185442977
3.2532440273725474
3.254695087088318
3.256257424297334
3.257363350259862
3.2583984941427255
3.258553824833991
3.2593676927284654
3.264202748063895
3.2643043704158106
3.2650065448643026
3.265417323391704
3.265710605363835
3.2657274502044205
3.266330949670488
3.2666279793876227
3.26704075533718
3.268465445275797
3.2687985955612677
3.2698523472699925
3.2699437469643704
3.270402042363249
3.2712670911592268
3.2712797105818425
3.2736865500133803
3.2741736324016375
3.2748344015107818
3.2764481347471794
3.2768119178652904
3.2772999805087033
3.2774282302052242
3.2790563157824284
3.279730556363099
3.2799006494385625
3.280716413810065
3.2827214388951393
3.283274350724629
3.2840911878371277
3.2854532394315914
3.2858790044011035
3.287098508796711
3.2880909856944354
3.2900927583507156
3.290506212618363
3.290644289326184
3.2923452637371695
3.2933293413119835
3.2940595141609137
3.2951573268732175
3.2958721969408735
3.298071498637116
3.2986676405388873
3.298761178748619
3.3032061588516366
3.3045910479841925
3.3050476754071916
3.3057744360417174
3.3087660718447807
3.311031428536282
3.312738197177431
3.313435464208907
3.3148782412107245
3.315496854730921
3.3159398839622023
3.3166654472031514
3.317529875615747
3.318803657153261
3.3213308918329547
3.3213963992905033
3.3248075770473453
3.324893644023762
3.32502848951441
3.3250952609570747
3.3255129507168033
3.3255507225168244
3.3263752420203625
3.327653709446366
3.3279686664644306
3.331123241584426
3.3313721799798937
3.3313760347940233
3.3317203159486204
3.3331264540409067
3.336152007227324
3.3380238779131064
3.338886234057635
3.3401513135028797
3.341036199120811
3.342906524698608
3.3433644996603498
3.344133344699969
3.3444577575900403
3.3448018319823714
3.3448220047218444
3.345443148298018
3.3454703122344873
3.3458820871836283
3.3463157258711416
3.3468699356785248
3.3493435923219304
3.3504945690109156
3.3508485343160332
3.3512074292995337
3.351726211760626
3.351771364126082
3.352695400363394
3.353748470534688
3.3549196355156035
3.355163864106895
3.355351943211478
3.3554404366013855
3.355893706595939
3.358992200798479
3.360182331747305
3.360544124503779
3.3615966664641665
3.361775732069651
3.363374210065264
3.3637278796329206
3.364021128597451
3.3666055449691275
3.367115485741633
3.36801135338371
3.368147449754007
3.3695437737097023
3.370655442257392
3.3713953483371983
3.372298764797374
3.373386933211401
3.3743068635108746
3.3788702572982485
3.37933088076747
3.379856359133086
3.3825445596935713
3.383824628381608
3.383938751240781
3.3843965837662275
3.384929024057971
3.3870598476300926
3.387427427526316
3.388064343539058
3.389771115297464
3.391972613428162
3.3924502155246152
3.3924753761233273
3.394513333488869
3.394590826820116
3.3970309860803614
3.3970357490049152
3.3972664900792333
3.398575684140488
3.402718420666481
3.4040223375145064
3.4043741058251444
3.4048560112935315
3.405134737708555
3.406021096221167
3.4063665395097478
3.4071863614709237
3.408595772014574
3.408898129615347
3.410477343147252
3.410600421488684
3.410824649202966
3.4125494436126687
3.416885429277728
3.416960883124759
3.4177374589859313
3.4187167269304592
3.418995684463411
3.4202853388107783
3.4207311987465596
3.421071262919591
3.4210865974921356
3.421973491032772
3.425156953951511
3.4267571854471
3.4278252607408204
3.428102408369091
3.4290203458486066
3.4292050317673035
3.4296682476889164
3.4328303064101036
3.4343193956208324
3.4353812347417034
3.435769034213903
3.4359826094256847
3.4360818901650583
3.436363674810318
3.436459082997496
3.4365929930144605
3.4368027681706335
3.4394834613791856
3.439928925277363
3.4401230429634873
3.440707840193576
3.4432143849194787
3.443570905710469
3.4441030984939256
3.4452832988167357
3.446322698045523
3.4470271366925456
3.4483608512201886
3.448372066302646
3.4489051755493145
3.452524266064665
3.4542454017539406
3.455690651296548
3.456865707966403
3.458591591201266
3.458995091292028
3.4599546304563544
3.460117542007381
3.461842403263769
3.461914467630287
3.4623822762237175
3.4639773475236573
3.466220631652138
3.4676096725821166
3.4701746052520894
3.4710288288510665
3.4722626934736365
3.4723028854241744
3.472773336446089
3.476341989351706
3.478751513525404
3.4802911011119795
3.4805513949350395
3.483397332575439
3.486169638353006
3.486592777802584
3.486888988849012
3.4874949716147747
3.4877048113051003
3.4891998381384157
3.4896968511694078
3.489987350535589
3.491407453594509
3.4927356947753316
3.494079782407759
3.4945078276390453
3.4950656832022537
3.4956988931981883
3.498289107239587
3.500692279821556
3.500773386546566
3.5010963892256837
3.5013110504672
3.502442674532857
3.5031199416394507
3.5045959858241487
3.504756927980116
3.5052918757890685
3.50530305132607
3.5054773354978632
3.506349311079921
3.507110866889772
3.5078945042013667
3.508118964385499
3.509234922478061
3.5092814393118927
3.51066686100864
3.513111453618929
3.513986471527542
3.5177785751379287
3.5179639311998923
3.5181454077044747
3.5189607894682164
3.519602748627805
3.5214737254936104
3.5221454765321005
3.5230951834098785
3.5231872395058232
3.5243756098473193
3.5267789025853524
3.5279906896104687
3.5287289129422152
3.530646617696545
3.5347568934453566
3.5369273899793847
3.5382500378399597
3.538747786352962
3.5391461343519715
3.541298923020182
3.54191486381763
3.5422415653950496
3.543068428967818
3.5435799140527915
3.5385510650880887
3.543674715354027
3.5442604662657695
3.5463683297171205
3.546486259112062
3.5481651892684907
3.548698352625101
3.5487967031294567
3.5493358887609303
3.5494589719768825
3.5508501264415377
3.5515751172789454
3.552776879487313
3.5563268606153366
3.5566676849273375
3.556932147551925
3.5573166399931146
3.557415506583513
3.557709870185613
3.558964608954064
3.559176648722408
3.5593128997552377
3.559723694905438
3.560905863426875
3.561213117772236
3.561260594178004
3.5619996401648817
3.564250704263855
3.5653601815991025
3.5696023260733436
3.569649856905561
3.570620154900155
3.5707576843449713
3.5713254227758093
3.572156760002502
3.5721676011549257
3.57284291295068
3.5749587663883347
3.5751800384068604
3.577064422767583
3.5777584148383785
3.57821922562979
3.578598168274616
3.5792449511199704
3.5824208424223025
3.5829985921903376
3.5831838248617904
3.585123770271162
3.585465664653054
3.585500448189428
3.5857031508178934
3.5859596898856596
3.5879561921469514
3.589130211424559
3.589572589533038
3.589751357570017
3.5908890362925843
3.5918428218213094
3.591948016284127
3.5976003315348963
3.599507092700267
3.5995861371266344
3.600992603742378
3.6019783308320297
3.6037690449136344
3.603774721038004
3.6046786331398923
3.605931377508369
3.6062298919412363
3.606768805507676
3.608103353680192
3.6098514348562882
3.6102455249443612
3.6103439980347405
3.611186656317957
3.612380771478515
3.612661326714759
3.6128757938996574
3.614436597896946
3.6147582592929917
3.6149835707529783
3.6181836523469997
3.6200483000315886
3.6210755151651135
3.6217644261551505
3.623043468040506
3.623077641813862
3.623644640988161
3.6246862069088337
3.624686843865174
3.62814355378272
3.628569071238619
3.629366420922555
3.6306255317501854
3.63413991674386
3.635663754046442
3.6359423975865335
3.6361603287173825
3.6386194481576526
3.639538181679017
3.640641693762882
3.6408706416454995
3.6408779495413333
3.6411272558884993
3.6432876770369744
3.6441928211007886
3.646440911445263
3.6473084344103306
3.648280409519832
3.648906292313243
3.648916322857507
3.6491031796934204
3.649256258892028
3.6498033408417285
3.6500572858703855
3.6522583246974896
3.652742872858716
3.6536243256861285
3.6539423502682813
3.653971395424114
3.6540157911224886
3.654967500186089
3.6570051431122397
3.657027466288937
3.6571878059659264
3.657678583037394
3.6629893283495627
3.663327916567258
3.6647004326834307
3.6651250910817623
3.6662033468000126
3.6663003377302905
3.6665442565946686
3.666607588007764
3.666690986293766
3.6669317220771735
3.667491819603716
3.6678640638262228
3.668455768982854
3.6685657271274508
3.6695858338511593
3.6699345734571605
3.6725524935331024
3.672579245581529
3.67332708776095
3.6747921968757673
3.6753938380836995
3.6773275659300513
3.6778350440809118
3.67874963961314
3.679335639546202
3.6796306553894795
3.6796403906340323
3.6805334739401583
3.6809631247255745
3.6870434845284565
3.6880915303496633
3.6883893031794797
3.6898489732888686
3.6899467881075867
3.690527566330373
3.6913480036248343
3.692603168621463
3.6938428882445575
3.697225021415809
3.6977224505635866
3.6992063400889608
3.7007986617018314
3.7017573828765404
3.7029140597694483
3.703427334798354
3.704858337839423
3.7053238365102334
3.7069436632493167
3.7073467097655497
3.7076138525454687
3.709854863208456
3.7114509015791874
3.7121727183809003
3.7128456793422067
3.712942226672544
3.713415788706972
3.7151181808834295
3.7158549024034824
3.7172144592400667
3.7173248224604225
3.7181840035833744
3.718377764501221
3.719356466167974
3.720221415942389
3.7213122247420296
3.7218878596030844
3.7226663076103876
3.7227447940736726
3.723241493624176
3.724081497386791
3.724116019373412
3.724408064561617
3.7264499664561903
3.726729161588102
3.728387618692429
3.7300022321494932
3.732639938682169
3.734110117682476
3.7349277427732113
3.7352151225067423
3.7352630255968955
3.7371605907481933
3.738464350671784
3.7387829987038823
3.740646910164798
3.7407071741985614
3.741019409129635
3.7413316687587983
3.741832650944514
3.7429263285759613
3.746169664598704
3.7469135564175846
3.747463175311587
3.748689976783998
3.7501288821125396
3.7524016518445675
3.7544941606030138
3.7555209396586955
3.756121497002766
3.7564702025088783
3.7566406588274366
3.757067963444535
3.7591044018872406
3.7600511396298897
3.760417848262218
3.760761608343634
3.760813549342468
3.7612107865297477
3.761993759491254
3.7620136865793006
3.764489568815792
3.765752017010344
3.7662091285720307
3.7669721170426516
3.7680050727836862
3.7700015836483685
3.7711603735915897
3.7716430389289517
3.7718340591530732
3.773108673436855
3.774663839392062
3.7759698290917316
3.776037212850148
3.776606043242566
3.7778382321900263
3.7788432162576817
3.782689731528224
3.7840354596940533
3.7842915627521903
3.7862269646089017
3.7862505675613263
3.786939816636965
3.7881569109682145
3.7885848465116445
3.789521380450547
3.7909033646897434
3.792485125202202
3.7927737765431973
3.793090908835244
3.7956860320960057
3.7994390934754834
3.799542961058627
3.8003831498677774
3.8012314700075347
3.8044438332749206
3.806031897514172
3.8064369438795027
3.807636028044273
3.808053338779245
3.8089515802540324
3.8094024310593366
3.8113066735713725
3.8121221352240178
3.812504156039468
3.8128660927913396
3.8142312624293044
3.8143659323116186
3.8158810878135525
3.8177987208775708
3.8195834318251505
3.821358515224504
3.823136050000448
3.8235062297054285
3.8236028241707123
3.8240775028705385
3.824780915943178
3.826113063853159
3.8265939715656514
3.827379900737392
3.829045837194997
3.8304655510033236
3.8329128200052796
3.832941621898914
3.8348943989514375
3.8353843137751067
3.836842445913855
3.842164249551248
3.8430199103290343
3.843492639249277
3.84375998817563
3.8445774205435366
3.8448846961432155
3.8457361945595476
3.846331885153651
3.8474739541700487
3.8484496058989
3.850425091980171
3.8514694075731515
3.8526101652542737
3.8532736199119415
3.855138217236694
3.856331338841666
3.8570860843973147
3.85723178143016
3.858103197224863
3.8583705027434516
3.8585063805560957
3.858891500303621
3.8606315539483926
3.8613797943949617
3.8667578672023915
3.867018495447858
3.869445775952305
3.869594049327036
3.8721397957897463
3.874689650161387
3.8748208820570733
3.8750265490953146
3.87585871883893
3.877851694986101
3.8791045704264526
3.880152751967778
3.8805557224253064
3.8814354500049455
3.88234701062646
3.8846487640825145
3.8850471137939606
3.8852532648828144
3.88527100183999
3.887697990402694
3.8878372532340872
3.889411059605444
3.8902440013818613
3.891619268564808
3.8822491978576057
3.89217423180059
3.8928369619542393
3.8929965242355324
3.8930249385828213
3.8930437414235715
3.89428379755974
3.894319064330735
3.894745393532597
3.8952853761984603
3.8954527421689726
3.896810043673433
3.8992024938683065
3.899332078895259
3.900691212786631
3.9027453546331414
3.904848238482838
3.9053423155156293
3.9079115943515452
3.9087842414074965
3.908977038544677
3.9114759503974543
3.912557270073368
3.9148951655323327
3.914972677439499
3.9160181912839955
3.9177202517458287
3.9181932310081407
3.922704962721243
3.923112165922675
3.924537288138862
3.92473749586995
3.9251663447836735
3.928900952949867
3.9289434709246653
3.929945756580257
3.932056870963688
3.933320732328976
3.933812963970629
3.9351304857002205
3.935986533573382
3.9371907594770272
3.9384728230186914
3.9392669861090757
3.9395047304559765
3.93924397536493
3.9398955634290163
3.940554052359175
3.9424807397910606
3.9428558036572765
3.944791047356618
3.946329337955969
3.946338235610878
3.9464674200256544
3.94689589663609
3.9475218678541264
3.947980399132312
3.949118343771998
3.9496750361746704
3.9514349615974576
3.9517061899657797
3.952026164272072
3.9553967131244843
3.955953404704174
3.9567180155366057
3.9584401938105134
3.9602178758627917
3.9613425049869377
3.9631562527828814
3.947733997948315
3.9635664537460067
3.96408148768653
3.9648627878672125
3.9660546883432137
3.966368698106251
3.9675818037283577
3.9685956118440346
3.969903025590085
3.9708458287684105
3.9353613172278745
3.9713960467348794
3.9718562493788485
3.9720871683279158
3.9721687868519178
3.972411102148527
3.9742391379048803
3.9758787535938636
3.9761172707503185
3.9780079472804326
3.9782517784396605
3.978747992730714
3.9802695270836574
3.9808887498398433
3.9815431824111536
3.9820312641337177
3.9848925214895377
3.9849728500846284
3.98679828831446
3.9870277219835537
3.9796582751017864
3.9870811291793293
3.9888875268805717
3.9900843466800606
3.993371319649156
3.994465248357875
3.9948763653391284
3.9950474219304546
3.995991465160903
3.9965348483818524
3.996708602712699
3.9995177582888832
3.9995186183506903
4.001053022301498
4.001658368376862
4.002013898710824
4.002101476662178
4.00371166591461
4.0037291165944
4.005014343621825
4.005343659529375
4.00619454576521
3.994151739477193
4.006222801763858
4.006960832316664
4.008710055114338
4.008875969200797
4.009684781737709
4.010848186384531
4.012028129334685
4.012296980258702
4.013083547131479
4.015667461421127
4.016003481631527
4.017152208668222
4.01820384988687
4.020357522411832
4.022445421441675
4.022572735448813
4.022605315829894
4.021611252519955
4.0226736823168086
4.022874566884748
4.018374430000045
4.023325484671802
4.026950472364301
4.027161737136386
4.030133857103715
4.031808830718584
4.032578022429953
4.034295943351732
4.035681712940189
4.037322007598752
4.037530403033951
4.037950107233582
4.040723459295088
4.042058062744016
4.042588925819005
4.043402079446121
4.044827384492937
4.045710499064083
4.045776903339173
4.050345472013795
4.051912581212969
4.052295161797011
4.05325851027014
4.05342543400737
4.053749882149462
4.053912067901906
4.05512768950668
4.056409617180194
4.0568327203032934
4.05869492918371
4.059973660815147
4.060270983353196
4.060446224596031
4.062066084933737
4.0641583934894845
4.064696136108292
4.064753000585761
4.064970400315181
4.0660661283392825
4.066069112127545
4.066708390812399
4.067086743011384
4.06933782584818
4.0712474189767995
4.066700592965471
4.072045793937742
4.072084145592394
4.0734671771512625
4.074367374095898
4.081716447288359
4.081926166399108
4.08223333121848
4.082424603793865
4.085208872351201
4.085233415235413
4.085932053672508
4.086623557573414
4.087466098263071
4.087495672880346
4.089584900392649
4.089820759034869
4.089981218823806
4.091143751785219
4.09131437157665
4.0920404303191225
4.0951942478220635
4.097854724033983
4.098430714466153
4.0994257747251925
4.102738937290426
4.104295515051532
4.104478592847759
4.104907502444606
4.105872407549479
4.1083468381559465
4.109432571478194
4.109614585217055
4.109850390058125
4.110728178049302
4.1110500579427125
4.111464167194353
4.111507893774405
4.11337386423072
4.113396063013983
4.113406452754182
4.113451579636876
4.1143686674874855
4.116698532583539
4.117260971524337
4.117522374127204
4.120931399485152
4.1216907589313605
4.121861167638636
4.1219242694485585
4.124836449825624
4.126599348140504
4.126664909460932
4.127149356362527
4.127325710910785
4.1283084868934505
4.129071552333113
4.129634299829499
4.129801332973245
4.129943551840496
4.130489982173023
4.130683645793022
4.130925099399243
4.133866077586133
4.134491148951788
4.134695630469655
4.135666257809357
4.136433004838656
4.138833231233672
4.138901197153461
4.138931111273585
4.139476723840054
4.1399891505822985
4.1405700946884885
4.141734585711088
4.142015630791267
4.142821981605302
4.142905923695278
4.144172934508547
4.145368776308388
4.1461091239473005
4.146196961960602
4.1472549904267915
4.147625499247343
4.149605897599428
4.150392186852447
4.150405998031851
4.151604751600151
4.152970101939183
4.1534851593307875
4.158122027352173
4.159150366446354
4.160585912005067
4.162255845608102
4.163010805505076
4.166506463418006
4.167796018310175
4.168613270056741
4.1686520194605965
4.170268999730232
4.16813950539789
4.172359134918257
4.17391573073799
4.17546331851094
4.176453527877308
4.177759957711434
4.177932554402073
4.17829856955035
4.17988324611465
4.180445014720889
4.181311253503565
4.1839078851821325
4.185003833652783
4.18845926377897
4.188579197175283
4.18890770639865
4.189322728083733
4.192374735372074
4.1927817763596
4.193424485783971
4.193522401549731
4.193725829195497
4.194577521988772
4.195476884560285
4.196563112689145
4.197036980657829
4.197383136762115
4.198964035125918
4.20027158040698
4.200447873860281
4.201687182885653
4.202195507634936
4.202423620427229
4.202486939164395
4.204308127006147
4.2043798929398655
4.204798554367476
4.206060831900709
4.206332019651788
4.207106698459837
4.2085880663959525
4.210926885835443
4.212410590560626
4.212908923972049
4.216945888107155
4.216967182661259
4.217123131738236
4.217378195067418
4.217484691141293
4.2182885023119505
4.219144391286008
4.22047003972279
4.22063420428275
4.22313035234024
4.223144687418266
4.223565387790045
4.224094405106899
4.225421743638762
4.227464020255203
4.2275755369062455
4.228208881309905
4.2283217945449785
4.229109708062652
4.229621440421215
4.23033582473975
4.231991381962525
4.2324205569174955
4.235955573497084
4.240693871821917
4.241758827424317
4.24506544101132
4.247157942345455
4.247404608945648
4.24865007036205
4.248662751396676
4.250379996782239
4.250579444483772
4.251122613919488
4.252147598852372
4.2532649926124355
4.254627129128812
4.255155875491905
4.255521336000817
4.25755236820277
4.259494721453473
4.260728128434841
4.262194791853496
4.262289180948922
4.262451643973215
4.2638719246342465
4.263988116206674
4.264097503957133
4.265332946535709
4.26611598058558
4.266593006327955
4.2671444913012895
4.26796686800356
4.272927132791658
4.274028286971394
4.274457048088348
4.276075966619491
4.276427287731409
4.2782119895870085
4.279681761459821
4.280408338309557
4.2808340261307825
4.281235609183788
4.281737163441762
4.283602011752873
4.283983794482964
4.287704331772793
4.288950335680287
4.289907178926892
4.290697419189432
4.292079666810629
4.29209000910247
4.293203912178269
4.2943900116996785
4.294423284902631
4.29610495630183
4.296904300672695
4.297084386291103
4.298359119750155
4.298388923192872
4.298410556984418
4.299951611917336
4.3009543192185
4.301934372204032
4.302726955320671
4.303429418367748
4.30401323192757
4.30546736041702
4.306899360986759
4.307009817831311
4.307220902923544
4.310168638496295
4.3102033315151935
4.312466755068448
4.31332720262592
4.313498081568728
4.313730787397405
4.31409089304052
4.315663135482613
4.316392414764061
4.317465088527145
4.3179582408056385
4.318332144444906
4.318438371585914
4.319486747590186
4.322448441011391
4.3225429323750015
4.325315898008372
4.327217258787693
4.327800555236087
4.328740542880233
4.328935722546304
4.3310438096903185
4.3313814703080995
4.332976547335967
4.335633853474354
4.33634136126669
4.336619855059213
4.336810262914728
4.337438479515177
4.338602370941072
4.340608840241961
4.340862427234769
4.341450690367714
4.343053308389383
4.344303203745781
4.344381096905376
4.344427335981327
4.344446988969834
4.34697523054832
4.34825653148617
4.348369720694591
4.348920727815181
4.350777760359004
4.351492908084055
4.3545295685377505
4.355158999783633
4.356238083817362
4.357649330567989
4.358899502508429
4.36207163423298
4.363650302897098
4.363776667220657
4.364721350479394
4.365160419578681
4.365407763731317
4.365433566845935
4.365474313721869
4.3655967767963215
4.368320132563919
4.3690927426419846
4.372343291227349
4.373032603291863
4.37513973048672
4.3761433659071605
4.377147063758703
4.378766520856002
4.379168636858687
4.381170588445481
4.382179460726588
4.382253570169952
4.385979742726747
4.387244681270224
4.387703044458672
4.388850842510562
4.390942429461956
4.391456440015415
4.393085466817097
4.39388279259205
4.394286098715918
4.3948673101984905
4.394933822653822
4.394970536855322
4.395433723064805
4.39564540270345
4.395678876352011
4.396426801357309
4.396710414846325
4.396998037726292
4.397254963181419
4.399198212760287
4.400889845877116
4.403743197879687
4.404282902878699
4.404734652897189
4.404233390952919
4.405396497798474
4.4057116770286315
4.4063888270791525
4.407038834685352
4.407387037914385
4.408251737236109
4.411218352656252
4.412565639686559
4.412978037129386
4.41445034294618
4.416789022373687
4.416817948733704
4.418434773890485
4.423183933844376
4.425281250424438
4.425404301552593
4.427868701224061
4.428657878688999
4.429651930873816
4.430653977763031
4.430909704987873
4.431173450821779
4.43177162548611
4.431987464025811
4.432791396564831
4.433705455290705
4.436650707382781
4.438395876350435
4.439749603830836
4.440586425375407
4.440795628057565
4.4414274920984855
4.442632358028611
4.443072201482019
4.445812078938724
4.447077236446663
4.447272788868445
4.447298176970091
4.447894755884815
4.45120862161536
4.45196219212421
4.452111337921743
4.4531445623684895
4.453692580570044
4.454832832242799
4.454922304037681
4.455325857069341
4.4573646608639175
4.458636485563294
4.459974268800428
4.460086458808671
4.460998960603066
4.461662608830225
4.461812594095044
4.462294593857337
4.462904183914946
4.464921943607892
4.4650600074677325
4.465312244985174
4.4686696122133345
4.471144802584088
4.471877373878467
4.4732786411966705
4.473609180243023
4.475426156092967
4.475858394173769
4.47682546900181
4.477491311288626
4.4779704662059405
4.478272933728698
4.480027594016506
4.482233836143417
4.482609176631848
4.483045480325428
4.483387805757258
4.485202634760936
4.485659754030914
4.488380851807005
4.488527261134614
4.488976149010089
4.490483415614097
4.492375127643696
4.494090222259805
4.494255795043798
4.494969804304843
4.4965478972510216
4.496628971415094
4.496740213991046
4.496855514206072
4.497471627785777
4.499277777017191
4.500348555457393
4.500819540463975
4.5009541201490695
4.501140222585331
4.5011498778529635
4.502045585590208
4.503847949819597
4.50516999486566
4.505757803685613
4.506051291592626
4.506569845509261
4.506877151966711
4.508165812755437
4.5087952310145525
4.509709397274821
4.509959004739958
4.510359091872538
4.510823865789607
4.511827064332124
4.512080430983112
4.513547162648537
4.513718998672144
4.515866917823917
4.515935995223086
4.5161036515030295
4.516139132028356
4.5164505539165605
4.517725132709109
4.518546738391442
4.518698321122265
4.518853461525577
4.519024821094192
4.520181093832842
4.5211609867963105
4.522700796665586
4.5228020052962545
4.5241494651392165
4.526489208673697
4.528100393672457
4.528578389349973
4.529220521986231
4.5314173480301765
4.532534705107956
4.532716450137239
4.533954770065493
4.539392068498216
4.539578832278809
4.5439116298055415
4.544039398666941
4.545055623172384
4.545074331584389
4.548279245163761
4.548684361843379
4.548807484263417
4.548874648302102
4.549290479081535
4.549464437287743
4.549525019599763
4.550656835735201
4.553076383416773
4.55454453550179
4.555014718369602
4.556841081062999
4.558926954250085
4.559850751889583
4.560060212847975
4.560399203660051
4.560599257698382
4.560978751457498
4.5619932184861165
4.564634353902747
4.564752095250997
4.56517023092503
4.565388112598179
4.566502855252944
4.566777226917824
4.567483175939715
4.568305002900007
4.569181541695049
4.569330452936506
4.569637380913707
4.570088648147962
4.570862206604686
4.571729332938232
4.572742178162631
4.572998859811496
4.573426213967612
4.573782424591394
4.573912943524709
4.574021096940568
4.575807723332513
4.576123715614696
4.5798161933989405
4.583089187833259
4.586399496425405
4.58773524285419
4.588085490630628
4.591662728122178
4.593472522954989
4.5936446918655545
4.595675312639849
4.595689366786552
4.596001395897354
4.596709652863428
4.597081803100473
4.597388460388179
4.598069087019215
4.598319782023685
4.601034073811687
4.601403425657712
4.601800352026626
4.602368357917538
4.603320197375383
4.6036580648929055
4.605615046949791
4.606337063078319
4.60674132980194
4.606772099145837
4.611874005222165
4.611994284277895
4.612130060922724
4.613375035557057
4.613727560117711
4.61591379743512
4.6168790841647835
4.616931496661263
4.617153083547595
4.618587761454184
4.618631762732783
4.619484429925876
4.619804367033572
4.61984588853294
4.622807994722717
4.627958054997461
4.628689571767111
4.630095481611938
4.630363570951155
4.630971805495665
4.632692610352806
4.633963969886907
4.634490911698363
4.636952590915582
4.637420353332014
4.638899165860222
4.639231381132497
4.640480813362156
4.640913231160269
4.64257750607164
4.643333503105288
4.643383379701929
4.643773130568346
4.64682863783107
4.646831233937111
4.647016793360895
4.647219836132176
4.647893085186417
4.648044446481915
4.650818254121438
4.652349678968548
4.653717954413666
4.65466513656226
4.655714278007457
4.656138990533457
4.656565793514137
4.656746245072775
4.656960613483841
4.65744246208001
4.660023030688446
4.660206943137362
4.660831088588181
4.661791149132563
4.665822071408661
4.6661813431199795
4.666399787218385
4.667272752951756
4.668404424418148
4.6685356950825145
4.668599426324869
4.670102839853817
4.670622269387223
4.671257956699644
4.6722303391417155
4.673477575669403
4.673592666585661
4.673844333480526
4.6751441382642325
4.675430329883305
4.67571838520241
4.676376259380835
4.676710401520709
4.6770013122402
4.67778554860548
4.678196776077132
4.68072779063678
4.681755732552465
4.681867012134642
4.681887721353366
4.681968259024635
4.682070367765277
4.682508959934444
4.684528774381761
4.687420186037796
4.687594940488056
4.687796859537782
4.688682586958818
4.6891677497813635
4.6892021247572
4.689886576647088
4.690533474977105
4.692445094733933
4.69274207302673
4.694485414937797
4.694787587016794
4.6960344035495
4.696467183229285
4.696585889023487
4.698285891612191
4.69830640900795
4.698319218084697
4.698685848201612
4.698737795878776
4.7013208160241575
4.701971704524536
4.70230412026333
4.702832283845042
4.70457166839693
4.707284759006544
4.70865987632501
4.710530640514748
4.713758801935864
4.713954192895081
4.71668090070449
4.717012274621317
4.7174424136774835
4.717621292699691
4.683314039416834
4.719718269393347
4.721394437486817
4.72243787618251
4.723272988800177
4.7259755492361855
4.726899174943291
4.727145253501602
4.72753267056334
4.7283662664514
4.730544376814981
4.732060102214447
4.733561763635087
4.733607816076709
4.735444207823222
4.736026722104765
4.736355043388059
4.737512650123449
4.738624056237549
4.739009705790707
4.742788944470039
4.743554776709736
4.745551083210807
4.747232479313825
4.747399780147479
4.747503845050742
4.747650310153783
4.747898462971654
4.748199473014322
4.748671663449201
4.750167162044156
4.750747490305066
4.752267937819734
4.752445034266048
4.755088309541538
4.755320840085275
4.755895820263725
4.756442994573192
4.758476465645683
4.7608665769707885
4.761237073769543
4.762304941402016
4.765477110862937
4.767591969765009
4.768125965579985
4.771224122576134
4.772850079167613
4.773284326815564
4.775106048369239
4.7763053283313015
4.778638377926183
4.779105267173776
4.779231805609638
4.779345053019999
4.779665696303907
4.781733965689103
4.782789936398994
4.783486060826754
4.784085331731392
4.787311019555255
4.791007712871543
4.791828258022852
4.7929219211281255
4.793344750762907
4.7949043209520035
4.796752388272533
4.7968617521206225
4.796963762199977
4.797012957897561
4.7970641618514716
4.800794238207527
4.80120978877177
4.802633639488781
4.802652664863647
4.802657301315919
4.807313858779901
4.807754880884356
4.809363910448966
4.809894736612311
4.810939192314998
4.811587121852664
4.814245405081975
4.815185814976704
4.815562174322646
4.820138451381178
4.820186743346101
4.820927662339232
4.821510905546693
4.823122934064211
4.823351566367087
4.8236070615868964
4.824538684912455
4.826089327876616
4.826764079755878
4.827097623773507
4.827844595784311
4.828669450183025
4.8292133860198625
4.830019886519999
4.8325727185185166
4.833375713091244
4.8345823577036775
4.834668202099596
4.841170440148685
4.841829106218939
4.844004385403329
4.844474931720031
4.844750054928912
4.845140350325363
4.846136530599874
4.8463332056574036
4.8471356326967205
4.847538235625171
4.847634794441064
4.8476441201508615
4.847787883750147
4.848768186661694
4.849014943883434
4.849482207346092
4.850806659273847
4.851415842868516
4.85145989487893
4.852495144741226
4.853454893672896
4.853722665456651
4.855177351378292
4.855956443570391
4.856260096482874
4.856545796875682
4.856594231463445
4.856943398905332
4.858760478797007
4.859523059316527
4.860656619522787
4.862365506287791
4.862640956851149
4.8636848616238
4.863691227126266
4.866114312052449
4.866388895029635
4.866735557191002
4.86720135527555
4.869142797961137
4.869765330045987
4.870674173438258
4.871104793148233
4.871434767683105
4.872055467648431
4.873269822618785
4.876134187439083
4.876188368769597
4.876470000313806
4.876569851863706
4.87853406268292
4.880985550116254
4.881869277444466
4.883624017096052
4.884035813367142
4.88503754949112
4.885795639680202
4.88778407654343
4.888722881668306
4.889601448262275
4.889943866275787
4.892060811445309
4.893171552130172
4.895164277686281
4.895449675584057
4.896607264410574
4.897221631531771
4.8980322840428165
4.898083030059994
4.898101665065021
4.900356856892282
4.901295126631651
4.902667160545239
4.903231756617555
4.904020238286271
4.904099697910304
4.906777168967062
4.906789630821342
4.90720557811318
4.9082147442718655
4.908717181393771
4.90899347153738
4.9101474583052145
4.911569150629017
4.911911611659666
4.9126488797679695
4.912672997874461
4.915175560245266
4.915610499683466
4.915714281772572
4.915844720230566
4.915973557264478
4.916949013468869
4.91696168420561
4.917277246045301
4.918141813305719
4.919245168847847
4.919481339180685
4.919640271530342
4.9214551408435385
4.922461908947988
4.923992210583652
4.925910914405288
4.926096575995983
4.927577685471874
4.928870287844644
4.929442691686178
4.9298446812148295
4.929848033896691
4.930310767872877
4.931761711377712
4.931968426084333
4.932564858720849
4.939645694981122
4.940334535119726
4.943810890886471
4.943824207222707
4.944911395952605
4.946411199921591
4.9470873539547755
4.947758031411067
4.950485658625486
4.950635667623809
4.950641169336898
4.950643105169808
4.953706531579327
4.954984932929571
4.956921700946565
4.957707441220958
4.958711417133006
4.9620350784120015
4.9640438878052295
4.965936669017174
4.966401291653158
4.967618446487689
4.96975447160737
4.971104503426736
4.97236871571402
4.972969906120459
4.973097182267661
4.974201916445197
4.9744232609312
4.975718402131212
4.977314317206304
4.978065427380696
4.978657829628018
